config_id	chunk_sizes	usecase	spans_t	spans_x	spans_y	median	ranks
11	4096,4,4	4	500	4	4	0.1033	1
17	625,25,16	4	500	4	4	0.1084	2
12	4096,8,8	4	500	4	4	0.116	3
10	4096,2,2	4	500	4	4	0.1655	4
14	40000,2,2	4	500	4	4	0.2454	5
8	64,32,32	4	500	4	4	0.377	6
7	64,16,16	4	500	4	4	0.396	7
9	64,64,64	4	500	4	4	0.4567	8
3	1,796,512	4	500	4	4	1.3226	9
5	16,64,64	4	500	4	4	1.3783	10
6	16,128,128	4	500	4	4	1.4427	11
2	1,256,256	4	500	4	4	2.1068	12
4	16,32,32	4	500	4	4	3.2691	13
15	16,256,256	4	500	4	4	3.633	14
16	16,796,512	4	500	4	4	6.9518	15
18	2,100,64	4	500	4	4	7.0501	16
1	1,128,128	4	500	4	4	10.2524	17
17	625,25,16	4	500	8	8	0.1369	1
12	4096,8,8	4	500	8	8	0.1518	2
11	4096,4,4	4	500	8	8	0.2125	3
10	4096,2,2	4	500	8	8	0.2859	4
9	64,64,64	4	500	8	8	0.3428	5
8	64,32,32	4	500	8	8	0.3479	6
7	64,16,16	4	500	8	8	0.3814	7
3	1,796,512	4	500	8	8	0.4684	8
14	40000,2,2	4	500	8	8	0.5672	9
6	16,128,128	4	500	8	8	1.0521	10
5	16,64,64	4	500	8	8	1.0823	11
2	1,256,256	4	500	8	8	1.6799	12
4	16,32,32	4	500	8	8	2.0287	13
15	16,256,256	4	500	8	8	2.3572	14
18	2,100,64	4	500	8	8	6.3357	15
16	16,796,512	4	500	8	8	6.6738	16
1	1,128,128	4	500	8	8	7.0911	17
3	1,796,512	4	500	16	16	0.2074	1
17	625,25,16	4	500	16	16	0.2111	2
10	4096,2,2	4	500	16	16	0.3338	3
12	4096,8,8	4	500	16	16	0.3345	4
11	4096,4,4	4	500	16	16	0.3697	5
9	64,64,64	4	500	16	16	0.4237	6
8	64,32,32	4	500	16	16	0.4684	7
7	64,16,16	4	500	16	16	0.6291	8
14	40000,2,2	4	500	16	16	1.031	9
6	16,128,128	4	500	16	16	1.1178	10
5	16,64,64	4	500	16	16	1.2287	11
2	1,256,256	4	500	16	16	1.4981	12
15	16,256,256	4	500	16	16	1.9832	13
4	16,32,32	4	500	16	16	2.0495	14
1	1,128,128	4	500	16	16	5.549	15
18	2,100,64	4	500	16	16	5.796	16
16	16,796,512	4	500	16	16	5.9165	17
3	1,796,512	4	500	32	32	0.1674	1
10	4096,2,2	4	500	32	32	0.4017	2
17	625,25,16	4	500	32	32	0.418	3
11	4096,4,4	4	500	32	32	0.4222	4
9	64,64,64	4	500	32	32	0.5062	5
12	4096,8,8	4	500	32	32	0.5387	6
8	64,32,32	4	500	32	32	0.6811	7
7	64,16,16	4	500	32	32	0.7412	8
2	1,256,256	4	500	32	32	1.077	9
6	16,128,128	4	500	32	32	1.1869	10
14	40000,2,2	4	500	32	32	1.3531	11
5	16,64,64	4	500	32	32	1.4704	12
15	16,256,256	4	500	32	32	2.1009	13
4	16,32,32	4	500	32	32	2.2075	14
16	16,796,512	4	500	32	32	4.9768	15
1	1,128,128	4	500	32	32	5.3912	16
18	2,100,64	4	500	32	32	5.8959	17
3	1,796,512	4	500	64	64	0.1673	1
11	4096,4,4	4	500	64	64	0.576	2
12	4096,8,8	4	500	64	64	0.6869	3
14	40000,2,2	4	500	64	64	0.7503	4
10	4096,2,2	4	500	64	64	0.7756	5
17	625,25,16	4	500	64	64	0.8297	6
9	64,64,64	4	500	64	64	0.905	7
8	64,32,32	4	500	64	64	0.9601	8
7	64,16,16	4	500	64	64	0.9689	9
2	1,256,256	4	500	64	64	1.058	10
15	16,256,256	4	500	64	64	1.3999	11
6	16,128,128	4	500	64	64	1.574	12
4	16,32,32	4	500	64	64	1.8915	13
5	16,64,64	4	500	64	64	2.8315	14
16	16,796,512	4	500	64	64	4.6186	15
1	1,128,128	4	500	64	64	5.8392	16
18	2,100,64	4	500	64	64	7.759	17
14	40000,2,2	4	1000	4	4	0.0021	1
10	4096,2,2	4	1000	4	4	0.0215	2
11	4096,4,4	4	1000	4	4	0.0578	3
12	4096,8,8	4	1000	4	4	0.0591	4
17	625,25,16	4	1000	4	4	0.1228	5
3	1,796,512	4	1000	4	4	0.3171	6
8	64,32,32	4	1000	4	4	0.4452	7
9	64,64,64	4	1000	4	4	0.4679	8
7	64,16,16	4	1000	4	4	0.5203	9
5	16,64,64	4	1000	4	4	0.8868	10
2	1,256,256	4	1000	4	4	1.2084	11
6	16,128,128	4	1000	4	4	1.2603	12
4	16,32,32	4	1000	4	4	1.9151	13
15	16,256,256	4	1000	4	4	4.3922	14
16	16,796,512	4	1000	4	4	7.1637	15
18	2,100,64	4	1000	4	4	8.487	16
1	1,128,128	4	1000	4	4	8.6175	17
10	4096,2,2	4	1000	8	8	0.0038	1
14	40000,2,2	4	1000	8	8	0.0062	2
11	4096,4,4	4	1000	8	8	0.016	3
12	4096,8,8	4	1000	8	8	0.0782	4
17	625,25,16	4	1000	8	8	0.1402	5
3	1,796,512	4	1000	8	8	0.3111	6
8	64,32,32	4	1000	8	8	0.4394	7
9	64,64,64	4	1000	8	8	0.4776	8
7	64,16,16	4	1000	8	8	0.4823	9
5	16,64,64	4	1000	8	8	0.979	10
2	1,256,256	4	1000	8	8	1.0025	11
6	16,128,128	4	1000	8	8	1.3088	12
4	16,32,32	4	1000	8	8	1.5143	13
15	16,256,256	4	1000	8	8	3.3471	14
16	16,796,512	4	1000	8	8	4.0129	15
1	1,128,128	4	1000	8	8	7.9015	16
18	2,100,64	4	1000	8	8	7.9244	17
14	40000,2,2	4	1000	16	16	0.0327	1
10	4096,2,2	4	1000	16	16	0.1463	2
11	4096,4,4	4	1000	16	16	0.2009	3
12	4096,8,8	4	1000	16	16	0.2504	4
17	625,25,16	4	1000	16	16	0.264	5
3	1,796,512	4	1000	16	16	0.3107	6
9	64,64,64	4	1000	16	16	0.4637	7
8	64,32,32	4	1000	16	16	0.569	8
2	1,256,256	4	1000	16	16	0.6359	9
7	64,16,16	4	1000	16	16	1.0449	10
5	16,64,64	4	1000	16	16	1.1227	11
6	16,128,128	4	1000	16	16	1.5012	12
4	16,32,32	4	1000	16	16	2.0141	13
15	16,256,256	4	1000	16	16	3.7225	14
16	16,796,512	4	1000	16	16	7.1506	15
1	1,128,128	4	1000	16	16	7.5411	16
18	2,100,64	4	1000	16	16	7.8389	17
14	40000,2,2	4	1000	32	32	0.1829	1
11	4096,4,4	4	1000	32	32	0.2373	2
10	4096,2,2	4	1000	32	32	0.2902	3
3	1,796,512	4	1000	32	32	0.316	4
12	4096,8,8	4	1000	32	32	0.3338	5
2	1,256,256	4	1000	32	32	0.4546	6
17	625,25,16	4	1000	32	32	0.6433	7
9	64,64,64	4	1000	32	32	0.8912	8
8	64,32,32	4	1000	32	32	1.0207	9
7	64,16,16	4	1000	32	32	1.2211	10
6	16,128,128	4	1000	32	32	1.3525	11
5	16,64,64	4	1000	32	32	2.1919	12
15	16,256,256	4	1000	32	32	3.017	13
4	16,32,32	4	1000	32	32	3.1639	14
16	16,796,512	4	1000	32	32	4.6525	15
18	2,100,64	4	1000	32	32	8.8953	16
1	1,128,128	4	1000	32	32	8.9749	17
2	1,256,256	4	1000	64	64	0.2854	1
3	1,796,512	4	1000	64	64	0.3186	2
11	4096,4,4	4	1000	64	64	0.4104	3
14	40000,2,2	4	1000	64	64	0.4312	4
12	4096,8,8	4	1000	64	64	0.4929	5
10	4096,2,2	4	1000	64	64	0.5913	6
17	625,25,16	4	1000	64	64	1.0674	7
9	64,64,64	4	1000	64	64	1.4509	8
6	16,128,128	4	1000	64	64	1.5033	9
7	64,16,16	4	1000	64	64	1.5054	10
8	64,32,32	4	1000	64	64	1.5269	11
15	16,256,256	4	1000	64	64	2.0436	12
16	16,796,512	4	1000	64	64	2.3066	13
4	16,32,32	4	1000	64	64	2.726	14
5	16,64,64	4	1000	64	64	4.4799	15
1	1,128,128	4	1000	64	64	9.6353	16
18	2,100,64	4	1000	64	64	12.859	17
11	4096,4,4	4	2000	4	4	0.0015	1
10	4096,2,2	4	2000	4	4	0.0016	2
14	40000,2,2	4	2000	4	4	0.0022	3
12	4096,8,8	4	2000	4	4	0.0158	4
17	625,25,16	4	2000	4	4	0.166	5
8	64,32,32	4	2000	4	4	0.3439	6
7	64,16,16	4	2000	4	4	0.5627	7
3	1,796,512	4	2000	4	4	0.6223	8
2	1,256,256	4	2000	4	4	0.6981	9
9	64,64,64	4	2000	4	4	0.7433	10
5	16,64,64	4	2000	4	4	1.3128	11
6	16,128,128	4	2000	4	4	1.6138	12
16	16,796,512	4	2000	4	4	1.7178	13
4	16,32,32	4	2000	4	4	1.9119	14
15	16,256,256	4	2000	4	4	4.973	15
1	1,128,128	4	2000	4	4	12.4744	16
18	2,100,64	4	2000	4	4	12.9759	17
11	4096,4,4	4	2000	8	8	0.0034	1
10	4096,2,2	4	2000	8	8	0.0046	2
12	4096,8,8	4	2000	8	8	0.0048	3
14	40000,2,2	4	2000	8	8	0.0067	4
17	625,25,16	4	2000	8	8	0.1626	5
8	64,32,32	4	2000	8	8	0.3432	6
9	64,64,64	4	2000	8	8	0.5665	7
3	1,796,512	4	2000	8	8	0.6299	8
7	64,16,16	4	2000	8	8	0.6505	9
16	16,796,512	4	2000	8	8	0.7046	10
5	16,64,64	4	2000	8	8	1.2237	11
6	16,128,128	4	2000	8	8	1.314	12
4	16,32,32	4	2000	8	8	1.4203	13
2	1,256,256	4	2000	8	8	1.621	14
15	16,256,256	4	2000	8	8	3.2536	15
1	1,128,128	4	2000	8	8	10.0303	16
18	2,100,64	4	2000	8	8	11.874	17
14	40000,2,2	4	2000	16	16	0.0271	1
11	4096,4,4	4	2000	16	16	0.0302	2
10	4096,2,2	4	2000	16	16	0.0537	3
12	4096,8,8	4	2000	16	16	0.1358	4
17	625,25,16	4	2000	16	16	0.2785	5
2	1,256,256	4	2000	16	16	0.6001	6
3	1,796,512	4	2000	16	16	0.6232	7
8	64,32,32	4	2000	16	16	0.6384	8
9	64,64,64	4	2000	16	16	0.767	9
7	64,16,16	4	2000	16	16	1.3124	10
6	16,128,128	4	2000	16	16	1.5386	11
5	16,64,64	4	2000	16	16	1.5723	12
4	16,32,32	4	2000	16	16	2.1413	13
15	16,256,256	4	2000	16	16	2.6554	14
16	16,796,512	4	2000	16	16	2.9159	15
18	2,100,64	4	2000	16	16	12.3337	16
1	1,128,128	4	2000	16	16	14.9498	17
14	40000,2,2	4	2000	32	32	0.0997	1
11	4096,4,4	4	2000	32	32	0.1135	2
10	4096,2,2	4	2000	32	32	0.2344	3
12	4096,8,8	4	2000	32	32	0.3008	4
2	1,256,256	4	2000	32	32	0.3641	5
3	1,796,512	4	2000	32	32	0.6271	6
17	625,25,16	4	2000	32	32	0.7656	7
9	64,64,64	4	2000	32	32	1.5282	8
8	64,32,32	4	2000	32	32	1.5409	9
6	16,128,128	4	2000	32	32	1.5512	10
7	64,16,16	4	2000	32	32	1.7197	11
16	16,796,512	4	2000	32	32	1.9048	12
5	16,64,64	4	2000	32	32	2.8653	13
4	16,32,32	4	2000	32	32	3.6528	14
15	16,256,256	4	2000	32	32	3.672	15
1	1,128,128	4	2000	32	32	12.6524	16
18	2,100,64	4	2000	32	32	14.1536	17
11	4096,4,4	4	2000	64	64	0.3231	1
2	1,256,256	4	2000	64	64	0.3357	2
14	40000,2,2	4	2000	64	64	0.3798	3
12	4096,8,8	4	2000	64	64	0.4726	4
3	1,796,512	4	2000	64	64	0.6261	5
10	4096,2,2	4	2000	64	64	0.6846	6
6	16,128,128	4	2000	64	64	1.1734	7
17	625,25,16	4	2000	64	64	1.3956	8
7	64,16,16	4	2000	64	64	1.9389	9
8	64,32,32	4	2000	64	64	2.2035	10
9	64,64,64	4	2000	64	64	2.2748	11
16	16,796,512	4	2000	64	64	3.0145	12
4	16,32,32	4	2000	64	64	3.7851	13
15	16,256,256	4	2000	64	64	4.1346	14
5	16,64,64	4	2000	64	64	6.8311	15
1	1,128,128	4	2000	64	64	9.2289	16
18	2,100,64	4	2000	64	64	15.6692	17
11	4096,4,4	4	4000	4	4	0.0026	1
10	4096,2,2	4	4000	4	4	0.0028	2
14	40000,2,2	4	4000	4	4	0.003	3
12	4096,8,8	4	4000	4	4	0.0282	4
17	625,25,16	4	4000	4	4	0.1905	5
7	64,16,16	4	4000	4	4	0.391	6
2	1,256,256	4	4000	4	4	0.4009	7
8	64,32,32	4	4000	4	4	0.4114	8
9	64,64,64	4	4000	4	4	0.8247	9
16	16,796,512	4	4000	4	4	1.1624	10
6	16,128,128	4	4000	4	4	1.2241	11
3	1,796,512	4	4000	4	4	1.2493	12
4	16,32,32	4	4000	4	4	1.6566	13
5	16,64,64	4	4000	4	4	1.8522	14
15	16,256,256	4	4000	4	4	5.0397	15
1	1,128,128	4	4000	4	4	11.2388	16
18	2,100,64	4	4000	4	4	14.6014	17
11	4096,4,4	4	4000	8	8	0.0064	1
10	4096,2,2	4	4000	8	8	0.0084	2
14	40000,2,2	4	4000	8	8	0.0093	3
12	4096,8,8	4	4000	8	8	0.0583	4
17	625,25,16	4	4000	8	8	0.2787	5
2	1,256,256	4	4000	8	8	0.4014	6
8	64,32,32	4	4000	8	8	0.4782	7
7	64,16,16	4	4000	8	8	0.5704	8
6	16,128,128	4	4000	8	8	0.778	9
9	64,64,64	4	4000	8	8	0.8113	10
16	16,796,512	4	4000	8	8	1.0036	11
3	1,796,512	4	4000	8	8	1.2399	12
5	16,64,64	4	4000	8	8	1.5884	13
4	16,32,32	4	4000	8	8	2.0103	14
15	16,256,256	4	4000	8	8	5.7992	15
1	1,128,128	4	4000	8	8	9.9118	16
18	2,100,64	4	4000	8	8	11.3193	17
11	4096,4,4	4	4000	16	16	0.0207	1
14	40000,2,2	4	4000	16	16	0.0349	2
10	4096,2,2	4	4000	16	16	0.0655	3
12	4096,8,8	4	4000	16	16	0.0667	4
17	625,25,16	4	4000	16	16	0.3686	5
8	64,32,32	4	4000	16	16	0.6454	6
7	64,16,16	4	4000	16	16	1.0877	7
2	1,256,256	4	4000	16	16	1.0913	8
6	16,128,128	4	4000	16	16	1.106	9
9	64,64,64	4	4000	16	16	1.1858	10
3	1,796,512	4	4000	16	16	1.2364	11
16	16,796,512	4	4000	16	16	2.1968	12
5	16,64,64	4	4000	16	16	2.3192	13
4	16,32,32	4	4000	16	16	2.4669	14
15	16,256,256	4	4000	16	16	5.4672	15
1	1,128,128	4	4000	16	16	9.9298	16
18	2,100,64	4	4000	16	16	12.6715	17
14	40000,2,2	4	4000	32	32	0.1291	1
11	4096,4,4	4	4000	32	32	0.1315	2
12	4096,8,8	4	4000	32	32	0.3051	3
10	4096,2,2	4	4000	32	32	0.3591	4
6	16,128,128	4	4000	32	32	0.3822	5
17	625,25,16	4	4000	32	32	1.0646	6
3	1,796,512	4	4000	32	32	1.2546	7
2	1,256,256	4	4000	32	32	1.3252	8
9	64,64,64	4	4000	32	32	1.7156	9
16	16,796,512	4	4000	32	32	2.1808	10
7	64,16,16	4	4000	32	32	2.2176	11
8	64,32,32	4	4000	32	32	2.3511	12
5	16,64,64	4	4000	32	32	2.7049	13
1	1,128,128	4	4000	32	32	4.6646	14
4	16,32,32	4	4000	32	32	5.9143	15
15	16,256,256	4	4000	32	32	7.082	16
18	2,100,64	4	4000	32	32	18.1269	17
6	16,128,128	4	4000	64	64	0.1654	1
11	4096,4,4	4	4000	64	64	0.4147	2
12	4096,8,8	4	4000	64	64	0.4498	3
14	40000,2,2	4	4000	64	64	0.4985	4
1	1,128,128	4	4000	64	64	0.663	5
10	4096,2,2	4	4000	64	64	0.9303	6
2	1,256,256	4	4000	64	64	1.2406	7
3	1,796,512	4	4000	64	64	1.2605	8
17	625,25,16	4	4000	64	64	1.6736	9
9	64,64,64	4	4000	64	64	2.0538	10
7	64,16,16	4	4000	64	64	2.138	11
8	64,32,32	4	4000	64	64	2.9923	12
16	16,796,512	4	4000	64	64	3.3636	13
5	16,64,64	4	4000	64	64	4.9097	14
4	16,32,32	4	4000	64	64	5.092	15
15	16,256,256	4	4000	64	64	7.3952	16
18	2,100,64	4	4000	64	64	13.7344	17
3	1,796,512	5	500	796	512	0.7988	1
16	16,796,512	5	500	796	512	0.8438	2
8	64,32,32	5	500	796	512	2.185	3
17	625,25,16	5	500	796	512	2.3498	4
6	16,128,128	5	500	796	512	2.9108	5
4	16,32,32	5	500	796	512	3.1497	6
12	4096,8,8	5	500	796	512	3.2721	7
9	64,64,64	5	500	796	512	4.2979	8
11	4096,4,4	5	500	796	512	4.5961	9
7	64,16,16	5	500	796	512	5.524	10
5	16,64,64	5	500	796	512	5.5893	11
18	2,100,64	5	500	796	512	5.8718	12
2	1,256,256	5	500	796	512	7.3437	13
1	1,128,128	5	500	796	512	8.5723	14
15	16,256,256	5	500	796	512	8.6873	15
10	4096,2,2	5	500	796	512	10.7577	16
14	40000,2,2	5	500	796	512	23.214	17
16	16,796,512	5	1000	796	512	1.2111	1
3	1,796,512	5	1000	796	512	1.5934	2
9	64,64,64	5	1000	796	512	2.5762	3
17	625,25,16	5	1000	796	512	2.8754	4
8	64,32,32	5	1000	796	512	2.9731	5
6	16,128,128	5	1000	796	512	3.1937	6
5	16,64,64	5	1000	796	512	3.5506	7
4	16,32,32	5	1000	796	512	3.7227	8
7	64,16,16	5	1000	796	512	4.6334	9
18	2,100,64	5	1000	796	512	5.5224	10
12	4096,8,8	5	1000	796	512	6.1314	11
11	4096,4,4	5	1000	796	512	8.2851	12
1	1,128,128	5	1000	796	512	10.7305	13
2	1,256,256	5	1000	796	512	12.6399	14
15	16,256,256	5	1000	796	512	12.6714	15
10	4096,2,2	5	1000	796	512	14.737	16
14	40000,2,2	5	1000	796	512	31.7935	17
16	16,796,512	5	2000	796	512	3.4578	1
3	1,796,512	5	2000	796	512	3.4963	2
9	64,64,64	5	2000	796	512	4.9083	3
17	625,25,16	5	2000	796	512	5.3651	4
8	64,32,32	5	2000	796	512	5.5126	5
4	16,32,32	5	2000	796	512	7.0156	6
5	16,64,64	5	2000	796	512	7.1143	7
7	64,16,16	5	2000	796	512	7.8505	8
18	2,100,64	5	2000	796	512	9.2056	9
12	4096,8,8	5	2000	796	512	12.7263	10
6	16,128,128	5	2000	796	512	14.6514	11
11	4096,4,4	5	2000	796	512	15.088	12
15	16,256,256	5	2000	796	512	25.2033	13
10	4096,2,2	5	2000	796	512	28.615	14
1	1,128,128	5	2000	796	512	32.7999	15
2	1,256,256	5	2000	796	512	34.2625	16
14	40000,2,2	5	2000	796	512	83.8586	17
3	1,796,512	5	4000	796	512	10.1802	1
4	16,32,32	5	4000	796	512	16.4586	2
17	625,25,16	5	4000	796	512	16.605	3
8	64,32,32	5	4000	796	512	16.9055	4
9	64,64,64	5	4000	796	512	18.1698	5
7	64,16,16	5	4000	796	512	21.4437	6
5	16,64,64	5	4000	796	512	21.5409	7
16	16,796,512	5	4000	796	512	22.3802	8
12	4096,8,8	5	4000	796	512	25.6076	9
6	16,128,128	5	4000	796	512	26.7596	10
11	4096,4,4	5	4000	796	512	30.5726	11
18	2,100,64	5	4000	796	512	49.4556	12
15	16,256,256	5	4000	796	512	53.1392	13
1	1,128,128	5	4000	796	512	53.3228	14
10	4096,2,2	5	4000	796	512	58.9215	15
2	1,256,256	5	4000	796	512	68.383	16
14	40000,2,2	5	4000	796	512	184.8052	17
3	1,796,512	6	1	796	512	0.0008	1
1	1,128,128	6	1	796	512	0.002	2
18	2,100,64	6	1	796	512	0.0034	3
16	16,796,512	6	1	796	512	0.0059	4
6	16,128,128	6	1	796	512	0.0076	5
5	16,64,64	6	1	796	512	0.0105	6
4	16,32,32	6	1	796	512	0.0206	7
9	64,64,64	6	1	796	512	0.026	8
8	64,32,32	6	1	796	512	0.0363	9
2	1,256,256	6	1	796	512	0.0387	10
7	64,16,16	6	1	796	512	0.0813	11
15	16,256,256	6	1	796	512	0.0835	12
17	625,25,16	6	1	796	512	0.2508	13
12	4096,8,8	6	1	796	512	1.5109	14
11	4096,4,4	6	1	796	512	2.058	15
10	4096,2,2	6	1	796	512	4.8559	16
14	40000,2,2	6	1	796	512	16.544	17
