config_id	chunk_size	usecase	spans_t	read_times(sec)	ranks
35	341774,384	1	500	0.0288	1
33	4096,384	1	500	0.0435	2
7	256,128	1	500	0.1105	3
18	1024,128	1	500	0.1166	4
5	256,96	1	500	0.1176	5
16	1024,96	1	500	0.1214	6
14	1024,64	1	500	0.1281	7
15	1024,80	1	500	0.1394	8
13	1024,48	1	500	0.1412	9
19	1024,144	1	500	0.1417	10
17	1024,112	1	500	0.1496	11
1	256,32	1	500	0.1519	12
4	256,80	1	500	0.1519	13
2	256,48	1	500	0.1526	14
6	256,112	1	500	0.1532	15
12	1024,32	1	500	0.1534	16
3	256,64	1	500	0.1558	17
20	1024,160	1	500	0.1622	18
25	4096,64	1	500	0.1661	19
27	4096,96	1	500	0.1671	20
11	1024,16	1	500	0.1678	21
21	1024,176	1	500	0.1682	22
26	4096,80	1	500	0.1686	23
24	4096,48	1	500	0.1715	24
29	4096,128	1	500	0.1743	25
23	4096,32	1	500	0.1811	26
28	4096,112	1	500	0.1826	27
9	256,160	1	500	0.1953	28
8	256,144	1	500	0.198	29
22	4096,16	1	500	0.2048	30
10	256,176	1	500	0.2054	31
31	16384,32	1	500	0.298	32
30	16384,16	1	500	0.3101	33
32	1048576,16	1	500	0.3598	34
34	332032,1	1	500	1.8136	35
35	341774,384	1	1000	0.0404	1
33	4096,384	1	1000	0.05	2
18	1024,128	1	1000	0.1213	3
16	1024,96	1	1000	0.1272	4
14	1024,64	1	1000	0.1514	5
15	1024,80	1	1000	0.156	6
17	1024,112	1	1000	0.1666	7
26	4096,80	1	1000	0.1676	8
25	4096,64	1	1000	0.1677	9
29	4096,128	1	1000	0.1723	10
7	256,128	1	1000	0.1733	11
27	4096,96	1	1000	0.1738	12
19	1024,144	1	1000	0.1792	13
28	4096,112	1	1000	0.1843	14
6	256,112	1	1000	0.1854	15
24	4096,48	1	1000	0.189	16
4	256,80	1	1000	0.1902	17
20	1024,160	1	1000	0.2033	18
21	1024,176	1	1000	0.2073	19
5	256,96	1	1000	0.256	20
23	4096,32	1	1000	0.2694	21
2	256,48	1	1000	0.2883	22
13	1024,48	1	1000	0.2907	23
3	256,64	1	1000	0.2923	24
1	256,32	1	1000	0.2954	25
9	256,160	1	1000	0.2994	26
8	256,144	1	1000	0.3004	27
11	1024,16	1	1000	0.3019	28
10	256,176	1	1000	0.3144	29
12	1024,32	1	1000	0.3209	30
22	4096,16	1	1000	0.3493	31
31	16384,32	1	1000	0.3838	32
32	1048576,16	1	1000	0.3976	33
30	16384,16	1	1000	0.4541	34
34	332032,1	1	1000	1.8447	35
35	341774,384	1	2000	0.0639	1
33	4096,384	1	2000	0.074	2
18	1024,128	1	2000	0.1401	3
27	4096,96	1	2000	0.179	4
29	4096,128	1	2000	0.1801	5
15	1024,80	1	2000	0.1861	6
26	4096,80	1	2000	0.1875	7
25	4096,64	1	2000	0.1928	8
28	4096,112	1	2000	0.1945	9
17	1024,112	1	2000	0.2008	10
16	1024,96	1	2000	0.2171	11
24	4096,48	1	2000	0.2469	12
6	256,112	1	2000	0.2607	13
19	1024,144	1	2000	0.2621	14
4	256,80	1	2000	0.27	15
20	1024,160	1	2000	0.2769	16
21	1024,176	1	2000	0.2882	17
23	4096,32	1	2000	0.2924	18
3	256,64	1	2000	0.3011	19
2	256,48	1	2000	0.3088	20
1	256,32	1	2000	0.3113	21
11	1024,16	1	2000	0.3137	22
14	1024,64	1	2000	0.3153	23
5	256,96	1	2000	0.3182	24
7	256,128	1	2000	0.3183	25
13	1024,48	1	2000	0.3327	26
12	1024,32	1	2000	0.3435	27
22	4096,16	1	2000	0.3548	28
31	16384,32	1	2000	0.3871	29
30	16384,16	1	2000	0.4574	30
8	256,144	1	2000	0.5137	31
9	256,160	1	2000	0.5234	32
10	256,176	1	2000	0.541	33
32	1048576,16	1	2000	0.5514	34
34	332032,1	1	2000	1.8575	35
35	341774,384	1	4000	0.1071	1
33	4096,384	1	4000	0.129	2
29	4096,128	1	4000	0.2103	3
27	4096,96	1	4000	0.2396	4
15	1024,80	1	4000	0.2568	5
18	1024,128	1	4000	0.2661	6
28	4096,112	1	4000	0.2761	7
17	1024,112	1	4000	0.2812	8
26	4096,80	1	4000	0.2888	9
25	4096,64	1	4000	0.3033	10
3	256,64	1	4000	0.3255	11
7	256,128	1	4000	0.3377	12
2	256,48	1	4000	0.3379	13
11	1024,16	1	4000	0.3401	14
16	1024,96	1	4000	0.346	15
5	256,96	1	4000	0.3461	16
14	1024,64	1	4000	0.3517	17
1	256,32	1	4000	0.3534	18
24	4096,48	1	4000	0.3562	19
13	1024,48	1	4000	0.3622	20
12	1024,32	1	4000	0.3737	21
22	4096,16	1	4000	0.3871	22
31	16384,32	1	4000	0.3969	23
23	4096,32	1	4000	0.4026	24
19	1024,144	1	4000	0.4172	25
6	256,112	1	4000	0.4218	26
20	1024,160	1	4000	0.4427	27
4	256,80	1	4000	0.4438	28
21	1024,176	1	4000	0.4496	29
30	16384,16	1	4000	0.4588	30
9	256,160	1	4000	0.9005	31
8	256,144	1	4000	0.9182	32
10	256,176	1	4000	0.9213	33
32	1048576,16	1	4000	1.0291	34
34	332032,1	1	4000	1.8801	35
35	341774,384	1	8000	0.1439	1
33	4096,384	1	8000	0.2269	2
29	4096,128	1	8000	0.298	3
27	4096,96	1	8000	0.3362	4
28	4096,112	1	8000	0.3744	5
3	256,64	1	8000	0.3821	6
15	1024,80	1	8000	0.3824	7
11	1024,16	1	8000	0.3888	8
2	256,48	1	8000	0.3904	9
7	256,128	1	8000	0.3925	10
26	4096,80	1	8000	0.3938	11
14	1024,64	1	8000	0.4009	12
18	1024,128	1	8000	0.4025	13
5	256,96	1	8000	0.4039	14
16	1024,96	1	8000	0.4092	15
22	4096,16	1	8000	0.4131	16
13	1024,48	1	8000	0.4191	17
17	1024,112	1	8000	0.4253	18
1	256,32	1	8000	0.4255	19
24	4096,48	1	8000	0.4308	20
12	1024,32	1	8000	0.4358	21
23	4096,32	1	8000	0.4368	22
25	4096,64	1	8000	0.4395	23
31	16384,32	1	8000	0.4406	24
30	16384,16	1	8000	0.4895	25
19	1024,144	1	8000	0.715	26
6	256,112	1	8000	0.7352	27
4	256,80	1	8000	0.7768	28
20	1024,160	1	8000	0.7905	29
21	1024,176	1	8000	0.8265	30
32	1048576,16	1	8000	1.4628	31
8	256,144	1	8000	1.616	32
10	256,176	1	8000	1.6885	33
9	256,160	1	8000	1.7313	34
34	332032,1	1	8000	1.9173	35
35	341774,384	1	65536	0.3958	1
33	4096,384	1	65536	0.6287	2
27	4096,96	1	65536	0.7689	3
18	1024,128	1	65536	0.8069	4
29	4096,128	1	65536	0.8216	5
26	4096,80	1	65536	0.8226	6
25	4096,64	1	65536	0.8256	7
16	1024,96	1	65536	0.8378	8
24	4096,48	1	65536	0.8398	9
23	4096,32	1	65536	0.8677	10
28	4096,112	1	65536	0.8774	11
31	16384,32	1	65536	0.8808	12
14	1024,64	1	65536	0.9204	13
30	16384,16	1	65536	0.923	14
13	1024,48	1	65536	0.9555	15
22	4096,16	1	65536	0.9731	16
7	256,128	1	65536	1.0438	17
12	1024,32	1	65536	1.0651	18
5	256,96	1	65536	1.1228	19
11	1024,16	1	65536	1.1728	20
3	256,64	1	65536	1.1801	21
2	256,48	1	65536	1.328	22
15	1024,80	1	65536	1.602	23
1	256,32	1	65536	1.6306	24
17	1024,112	1	65536	1.7692	25
34	332032,1	1	65536	2.4668	26
6	256,112	1	65536	2.9808	27
19	1024,144	1	65536	3.0685	28
4	256,80	1	65536	3.2805	29
21	1024,176	1	65536	3.5216	30
20	1024,160	1	65536	3.7322	31
9	256,160	1	65536	6.7452	32
32	1048576,16	1	65536	6.9602	33
10	256,176	1	65536	7.126	34
8	256,144	1	65536	7.9942	35
33	4096,384	1	1048576	3.1766	1
29	4096,128	1	1048576	5.8414	2
27	4096,96	1	1048576	6.1857	3
26	4096,80	1	1048576	6.4638	4
31	16384,32	1	1048576	6.4725	5
25	4096,64	1	1048576	6.5702	6
24	4096,48	1	1048576	6.6175	7
18	1024,128	1	1048576	6.8113	8
30	16384,16	1	1048576	6.8223	9
28	4096,112	1	1048576	7.078	10
16	1024,96	1	1048576	7.1721	11
23	4096,32	1	1048576	7.4726	12
14	1024,64	1	1048576	7.9103	13
22	4096,16	1	1048576	8.3216	14
35	341774,384	1	1048576	8.3715	15
13	1024,48	1	1048576	8.6676	16
7	256,128	1	1048576	9.9138	17
12	1024,32	1	1048576	9.9937	18
5	256,96	1	1048576	11.1261	19
11	1024,16	1	1048576	12.5097	20
3	256,64	1	1048576	12.7057	21
2	256,48	1	1048576	14.6845	22
34	332032,1	1	1048576	14.7024	23
15	1024,80	1	1048576	15.3193	24
1	256,32	1	1048576	18.9961	25
17	1024,112	1	1048576	19.6649	26
19	1024,144	1	1048576	30.7383	27
6	256,112	1	1048576	32.0223	28
4	256,80	1	1048576	32.1645	29
21	1024,176	1	1048576	38.7186	30
20	1024,160	1	1048576	40.2459	31
9	256,160	1	1048576	68.1008	32
10	256,176	1	1048576	73.5743	33
8	256,144	1	1048576	80.4869	34
32	1048576,16	1	1048576	86.7986	35
33	4096,384	1	16777216	82.3354	1
29	4096,128	1	16777216	94.2787	2
27	4096,96	1	16777216	98.9423	3
31	16384,32	1	16777216	102.9373	4
25	4096,64	1	16777216	105.5182	5
26	4096,80	1	16777216	105.8132	6
24	4096,48	1	16777216	106.6115	7
30	16384,16	1	16777216	107.6365	8
18	1024,128	1	16777216	111.5428	9
28	4096,112	1	16777216	113.6919	10
23	4096,32	1	16777216	116.9005	11
16	1024,96	1	16777216	119.4441	12
14	1024,64	1	16777216	129.6047	13
22	4096,16	1	16777216	132.4915	14
13	1024,48	1	16777216	141.29	15
35	341774,384	1	16777216	144.7014	16
12	1024,32	1	16777216	159.872	17
7	256,128	1	16777216	163.0657	18
5	256,96	1	16777216	182.7874	19
11	1024,16	1	16777216	203.8754	20
3	256,64	1	16777216	208.8813	21
34	332032,1	1	16777216	212.4022	22
2	256,48	1	16777216	242.3428	23
15	1024,80	1	16777216	278.6302	24
1	256,32	1	16777216	308.3804	25
17	1024,112	1	16777216	340.545	26
19	1024,144	1	16777216	526.2933	27
6	256,112	1	16777216	558.146	28
4	256,80	1	16777216	568.1688	29
20	1024,160	1	16777216	572.4324	30
21	1024,176	1	16777216	636.8556	31
8	256,144	1	16777216	1164.3889	32
10	256,176	1	16777216	1205.9321	33
9	256,160	1	16777216	1301.1735	34
32	1048576,16	1	16777216	1404.9163	35
14	1024,64	2	500	0.0466	1
16	1024,96	2	500	0.0472	2
13	1024,48	2	500	0.0494	3
18	1024,128	2	500	0.0495	4
15	1024,80	2	500	0.0507	5
24	4096,48	2	500	0.0509	6
25	4096,64	2	500	0.0511	7
12	1024,32	2	500	0.0512	8
20	1024,160	2	500	0.0513	9
19	1024,144	2	500	0.0518	10
23	4096,32	2	500	0.0528	11
17	1024,112	2	500	0.054	12
22	4096,16	2	500	0.0548	13
26	4096,80	2	500	0.0559	14
27	4096,96	2	500	0.0563	15
21	1024,176	2	500	0.0569	16
29	4096,128	2	500	0.0575	17
11	1024,16	2	500	0.0612	18
28	4096,112	2	500	0.0613	19
30	16384,16	2	500	0.0764	20
3	256,64	2	500	0.0777	21
4	256,80	2	500	0.0787	22
8	256,144	2	500	0.0791	23
5	256,96	2	500	0.0794	24
2	256,48	2	500	0.0819	25
7	256,128	2	500	0.0827	26
31	16384,32	2	500	0.0829	27
6	256,112	2	500	0.0846	28
10	256,176	2	500	0.0852	29
9	256,160	2	500	0.0879	30
32	1048576,16	2	500	0.0883	31
1	256,32	2	500	0.0893	32
35	341774,384	2	500	0.232	33
33	4096,384	2	500	0.2338	34
34	332032,1	2	500	0.4556	35
24	4096,48	2	1000	0.0496	1
23	4096,32	2	1000	0.052	2
25	4096,64	2	1000	0.0524	3
26	4096,80	2	1000	0.0547	4
27	4096,96	2	1000	0.0562	5
22	4096,16	2	1000	0.0566	6
29	4096,128	2	1000	0.0575	7
16	1024,96	2	1000	0.0582	8
14	1024,64	2	1000	0.0583	9
13	1024,48	2	1000	0.0595	10
28	4096,112	2	1000	0.06	11
15	1024,80	2	1000	0.0605	12
12	1024,32	2	1000	0.0613	13
18	1024,128	2	1000	0.0621	14
17	1024,112	2	1000	0.0638	15
19	1024,144	2	1000	0.0642	16
20	1024,160	2	1000	0.0661	17
11	1024,16	2	1000	0.0705	18
21	1024,176	2	1000	0.0731	19
30	16384,16	2	1000	0.0744	20
31	16384,32	2	1000	0.083	21
32	1048576,16	2	1000	0.1038	22
3	256,64	2	1000	0.1067	23
4	256,80	2	1000	0.1092	24
5	256,96	2	1000	0.1093	25
2	256,48	2	1000	0.1122	26
7	256,128	2	1000	0.1125	27
8	256,144	2	1000	0.1148	28
10	256,176	2	1000	0.1181	29
1	256,32	2	1000	0.1208	30
9	256,160	2	1000	0.123	31
6	256,112	2	1000	0.1236	32
35	341774,384	2	1000	0.2494	33
33	4096,384	2	1000	0.2508	34
34	332032,1	2	1000	0.4791	35
24	4096,48	2	2000	0.0596	1
23	4096,32	2	2000	0.0617	2
25	4096,64	2	2000	0.064	3
26	4096,80	2	2000	0.0688	4
27	4096,96	2	2000	0.0699	5
22	4096,16	2	2000	0.0726	6
28	4096,112	2	2000	0.0781	7
30	16384,16	2	2000	0.0788	8
29	4096,128	2	2000	0.0793	9
31	16384,32	2	2000	0.0864	10
15	1024,80	2	2000	0.0873	11
13	1024,48	2	2000	0.0875	12
14	1024,64	2	2000	0.0883	13
16	1024,96	2	2000	0.089	14
12	1024,32	2	2000	0.0928	15
18	1024,128	2	2000	0.0931	16
19	1024,144	2	2000	0.0941	17
17	1024,112	2	2000	0.0955	18
20	1024,160	2	2000	0.0975	19
21	1024,176	2	2000	0.1047	20
11	1024,16	2	2000	0.1062	21
2	256,48	2	2000	0.1528	22
1	256,32	2	2000	0.1534	23
4	256,80	2	2000	0.1584	24
3	256,64	2	2000	0.1588	25
32	1048576,16	2	2000	0.1701	26
6	256,112	2	2000	0.1788	27
5	256,96	2	2000	0.1875	28
8	256,144	2	2000	0.2051	29
7	256,128	2	2000	0.2066	30
10	256,176	2	2000	0.2085	31
9	256,160	2	2000	0.23	32
35	341774,384	2	2000	0.2568	33
33	4096,384	2	2000	0.26	34
34	332032,1	2	2000	0.4826	35
24	4096,48	2	4000	0.0808	1
30	16384,16	2	4000	0.0837	2
23	4096,32	2	4000	0.086	3
25	4096,64	2	4000	0.0882	4
31	16384,32	2	4000	0.0899	5
26	4096,80	2	4000	0.09	6
27	4096,96	2	4000	0.0928	7
22	4096,16	2	4000	0.0929	8
29	4096,128	2	4000	0.097	9
28	4096,112	2	4000	0.1002	10
15	1024,80	2	4000	0.1303	11
16	1024,96	2	4000	0.1319	12
13	1024,48	2	4000	0.1327	13
14	1024,64	2	4000	0.1333	14
12	1024,32	2	4000	0.1363	15
18	1024,128	2	4000	0.1395	16
19	1024,144	2	4000	0.1403	17
17	1024,112	2	4000	0.1411	18
20	1024,160	2	4000	0.1459	19
21	1024,176	2	4000	0.1587	20
11	1024,16	2	4000	0.1596	21
1	256,32	2	4000	0.1846	22
2	256,48	2	4000	0.1955	23
3	256,64	2	4000	0.206	24
4	256,80	2	4000	0.2103	25
35	341774,384	2	4000	0.2725	26
5	256,96	2	4000	0.2728	27
33	4096,384	2	4000	0.2753	28
6	256,112	2	4000	0.2807	29
32	1048576,16	2	4000	0.3247	30
7	256,128	2	4000	0.3401	31
10	256,176	2	4000	0.3747	32
8	256,144	2	4000	0.3772	33
9	256,160	2	4000	0.4382	34
34	332032,1	2	4000	0.4798	35
31	16384,32	2	8000	0.0964	1
30	16384,16	2	8000	0.1015	2
24	4096,48	2	8000	0.1182	3
23	4096,32	2	8000	0.1217	4
25	4096,64	2	8000	0.1249	5
26	4096,80	2	8000	0.1269	6
22	4096,16	2	8000	0.1361	7
27	4096,96	2	8000	0.1393	8
29	4096,128	2	8000	0.1456	9
28	4096,112	2	8000	0.147	10
12	1024,32	2	8000	0.1832	11
13	1024,48	2	8000	0.2045	12
14	1024,64	2	8000	0.2158	13
15	1024,80	2	8000	0.2268	14
16	1024,96	2	8000	0.2312	15
1	256,32	2	8000	0.2334	16
17	1024,112	2	8000	0.2334	17
11	1024,16	2	8000	0.2339	18
18	1024,128	2	8000	0.236	19
2	256,48	2	8000	0.2397	20
19	1024,144	2	8000	0.2518	21
20	1024,160	2	8000	0.2604	22
4	256,80	2	8000	0.2653	23
3	256,64	2	8000	0.2664	24
21	1024,176	2	8000	0.2791	25
35	341774,384	2	8000	0.3033	26
33	4096,384	2	8000	0.307	27
6	256,112	2	8000	0.3363	28
5	256,96	2	8000	0.4277	29
32	1048576,16	2	8000	0.4377	30
34	332032,1	2	8000	0.4834	31
7	256,128	2	8000	0.5158	32
10	256,176	2	8000	0.5413	33
8	256,144	2	8000	0.5729	34
9	256,160	2	8000	0.6236	35
31	16384,32	2	65536	0.2208	1
25	4096,64	2	65536	0.2383	2
30	16384,16	2	65536	0.2458	3
24	4096,48	2	65536	0.2531	4
23	4096,32	2	65536	0.2536	5
26	4096,80	2	65536	0.3439	6
29	4096,128	2	65536	0.3897	7
27	4096,96	2	65536	0.3902	8
12	1024,32	2	65536	0.4184	9
22	4096,16	2	65536	0.4292	10
13	1024,48	2	65536	0.4476	11
28	4096,112	2	65536	0.4526	12
14	1024,64	2	65536	0.4531	13
34	332032,1	2	65536	0.5036	14
15	1024,80	2	65536	0.633	15
16	1024,96	2	65536	0.6715	16
2	256,48	2	65536	0.713	17
35	341774,384	2	65536	0.7314	18
1	256,32	2	65536	0.7418	19
3	256,64	2	65536	0.7445	20
18	1024,128	2	65536	0.7527	21
33	4096,384	2	65536	0.7601	22
11	1024,16	2	65536	0.768	23
4	256,80	2	65536	0.8168	24
32	1048576,16	2	65536	0.8648	25
20	1024,160	2	65536	0.8837	26
17	1024,112	2	65536	0.8862	27
19	1024,144	2	65536	0.907	28
6	256,112	2	65536	0.952	29
21	1024,176	2	65536	0.9641	30
5	256,96	2	65536	1.0111	31
7	256,128	2	65536	1.0203	32
10	256,176	2	65536	1.0631	33
8	256,144	2	65536	1.0835	34
9	256,160	2	65536	1.0985	35
24	4096,48	2	1048576	1.2211	1
31	16384,32	2	1048576	1.3811	2
27	4096,96	2	1048576	1.4045	3
30	16384,16	2	1048576	1.4128	4
23	4096,32	2	1048576	1.4479	5
26	4096,80	2	1048576	1.4517	6
25	4096,64	2	1048576	1.5031	7
29	4096,128	2	1048576	1.6196	8
28	4096,112	2	1048576	1.6404	9
34	332032,1	2	1048576	2.0557	10
22	4096,16	2	1048576	2.9171	11
18	1024,128	2	1048576	3.5633	12
16	1024,96	2	1048576	3.5711	13
17	1024,112	2	1048576	3.5818	14
19	1024,144	2	1048576	3.7254	15
14	1024,64	2	1048576	3.7476	16
13	1024,48	2	1048576	3.7908	17
12	1024,32	2	1048576	3.792	18
15	1024,80	2	1048576	3.8215	19
20	1024,160	2	1048576	4.0923	20
21	1024,176	2	1048576	4.1033	21
2	256,48	2	1048576	6.5755	22
3	256,64	2	1048576	6.7925	23
1	256,32	2	1048576	7.1558	24
4	256,80	2	1048576	7.2376	25
6	256,112	2	1048576	7.9822	26
5	256,96	2	1048576	8.2699	27
33	4096,384	2	1048576	8.2761	28
35	341774,384	2	1048576	8.2968	29
32	1048576,16	2	1048576	8.4215	30
7	256,128	2	1048576	8.5384	31
8	256,144	2	1048576	8.7952	32
10	256,176	2	1048576	8.9974	33
11	1024,16	2	1048576	9.6119	34
9	256,160	2	1048576	9.9824	35
30	16384,16	2	16777216	19.9724	1
23	4096,32	2	16777216	20.855	2
31	16384,32	2	16777216	20.9808	3
24	4096,48	2	16777216	24.2424	4
25	4096,64	2	16777216	24.566	5
26	4096,80	2	16777216	25.8674	6
27	4096,96	2	16777216	29.2583	7
34	332032,1	2	16777216	30.0629	8
28	4096,112	2	16777216	32.6273	9
29	4096,128	2	16777216	34.5409	10
22	4096,16	2	16777216	34.7763	11
15	1024,80	2	16777216	48.2841	12
19	1024,144	2	16777216	53.5771	13
18	1024,128	2	16777216	54.208	14
14	1024,64	2	16777216	55.2213	15
16	1024,96	2	16777216	56.6951	16
21	1024,176	2	16777216	59.0542	17
17	1024,112	2	16777216	60.2541	18
12	1024,32	2	16777216	60.8887	19
13	1024,48	2	16777216	61.4643	20
20	1024,160	2	16777216	77.3797	21
4	256,80	2	16777216	109.0234	22
3	256,64	2	16777216	110.9796	23
2	256,48	2	16777216	119.9881	24
11	1024,16	2	16777216	121.0095	25
1	256,32	2	16777216	125.3128	26
32	1048576,16	2	16777216	128.4041	27
35	341774,384	2	16777216	135.2105	28
33	4096,384	2	16777216	135.2961	29
5	256,96	2	16777216	136.4142	30
6	256,112	2	16777216	138.7797	31
10	256,176	2	16777216	148.2364	32
7	256,128	2	16777216	149.8922	33
8	256,144	2	16777216	150.2205	34
9	256,160	2	16777216	156.2672	35
23	4096,32	3	500	0.0273	1
22	4096,16	3	500	0.0328	2
12	1024,32	3	500	0.0354	3
24	4096,48	3	500	0.0355	4
11	1024,16	3	500	0.0357	5
15	1024,80	3	500	0.0364	6
32	1048576,16	3	500	0.0374	7
13	1024,48	3	500	0.0384	8
16	1024,96	3	500	0.0393	9
30	16384,16	3	500	0.0397	10
14	1024,64	3	500	0.0403	11
25	4096,64	3	500	0.0405	12
27	4096,96	3	500	0.0419	13
17	1024,112	3	500	0.0422	14
26	4096,80	3	500	0.0429	15
18	1024,128	3	500	0.0431	16
19	1024,144	3	500	0.0437	17
20	1024,160	3	500	0.0443	18
34	332032,1	3	500	0.0462	19
21	1024,176	3	500	0.0487	20
31	16384,32	3	500	0.049	21
28	4096,112	3	500	0.0507	22
29	4096,128	3	500	0.052	23
2	256,48	3	500	0.0676	24
4	256,80	3	500	0.0685	25
3	256,64	3	500	0.0727	26
1	256,32	3	500	0.0728	27
5	256,96	3	500	0.0736	28
6	256,112	3	500	0.0736	29
10	256,176	3	500	0.0748	30
8	256,144	3	500	0.0761	31
7	256,128	3	500	0.0777	32
9	256,160	3	500	0.0802	33
35	341774,384	3	500	0.2602	34
33	4096,384	3	500	0.2706	35
23	4096,32	3	1000	0.0312	1
22	4096,16	3	1000	0.0318	2
24	4096,48	3	1000	0.0364	3
30	16384,16	3	1000	0.0387	4
25	4096,64	3	1000	0.0418	5
26	4096,80	3	1000	0.0449	6
34	332032,1	3	1000	0.0462	7
11	1024,16	3	1000	0.0464	8
12	1024,32	3	1000	0.0466	9
13	1024,48	3	1000	0.0478	10
27	4096,96	3	1000	0.0489	11
15	1024,80	3	1000	0.0504	12
14	1024,64	3	1000	0.0505	13
16	1024,96	3	1000	0.0508	14
31	16384,32	3	1000	0.0509	15
28	4096,112	3	1000	0.0534	16
29	4096,128	3	1000	0.0549	17
17	1024,112	3	1000	0.0553	18
32	1048576,16	3	1000	0.0558	19
19	1024,144	3	1000	0.0567	20
18	1024,128	3	1000	0.0568	21
20	1024,160	3	1000	0.0609	22
21	1024,176	3	1000	0.0648	23
2	256,48	3	1000	0.1009	24
4	256,80	3	1000	0.1023	25
1	256,32	3	1000	0.1061	26
3	256,64	3	1000	0.1114	27
6	256,112	3	1000	0.1199	28
5	256,96	3	1000	0.125	29
8	256,144	3	1000	0.1289	30
10	256,176	3	1000	0.1325	31
7	256,128	3	1000	0.1335	32
9	256,160	3	1000	0.1354	33
35	341774,384	3	1000	0.2631	34
33	4096,384	3	1000	0.2781	35
22	4096,16	3	2000	0.0379	1
23	4096,32	3	2000	0.0379	2
30	16384,16	3	2000	0.0395	3
34	332032,1	3	2000	0.0459	4
24	4096,48	3	2000	0.0478	5
25	4096,64	3	2000	0.0489	6
31	16384,32	3	2000	0.0531	7
26	4096,80	3	2000	0.0533	8
27	4096,96	3	2000	0.0562	9
11	1024,16	3	2000	0.0673	10
28	4096,112	3	2000	0.0674	11
29	4096,128	3	2000	0.0691	12
12	1024,32	3	2000	0.0711	13
13	1024,48	3	2000	0.0761	14
14	1024,64	3	2000	0.0793	15
15	1024,80	3	2000	0.0809	16
16	1024,96	3	2000	0.0823	17
17	1024,112	3	2000	0.0887	18
19	1024,144	3	2000	0.0913	19
18	1024,128	3	2000	0.0919	20
32	1048576,16	3	2000	0.0969	21
20	1024,160	3	2000	0.0973	22
21	1024,176	3	2000	0.1023	23
2	256,48	3	2000	0.1459	24
1	256,32	3	2000	0.1505	25
4	256,80	3	2000	0.1602	26
3	256,64	3	2000	0.1699	27
6	256,112	3	2000	0.1897	28
5	256,96	3	2000	0.2134	29
10	256,176	3	2000	0.2181	30
8	256,144	3	2000	0.221	31
7	256,128	3	2000	0.2297	32
9	256,160	3	2000	0.23	33
35	341774,384	3	2000	0.2694	34
33	4096,384	3	2000	0.2736	35
30	16384,16	3	4000	0.0413	1
34	332032,1	3	4000	0.0464	2
22	4096,16	3	4000	0.052	3
23	4096,32	3	4000	0.0525	4
31	16384,32	3	4000	0.0541	5
24	4096,48	3	4000	0.0623	6
25	4096,64	3	4000	0.0724	7
26	4096,80	3	4000	0.0822	8
27	4096,96	3	4000	0.0895	9
28	4096,112	3	4000	0.0975	10
29	4096,128	3	4000	0.1	11
11	1024,16	3	4000	0.11	12
12	1024,32	3	4000	0.111	13
16	1024,96	3	4000	0.1245	14
13	1024,48	3	4000	0.1327	15
14	1024,64	3	4000	0.1351	16
15	1024,80	3	4000	0.1351	17
17	1024,112	3	4000	0.1436	18
18	1024,128	3	4000	0.1489	19
19	1024,144	3	4000	0.1513	20
20	1024,160	3	4000	0.157	21
21	1024,176	3	4000	0.1661	22
32	1048576,16	3	4000	0.1724	23
1	256,32	3	4000	0.1789	24
2	256,48	3	4000	0.1839	25
4	256,80	3	4000	0.2001	26
3	256,64	3	4000	0.2356	27
6	256,112	3	4000	0.2501	28
35	341774,384	3	4000	0.2837	29
33	4096,384	3	4000	0.2913	30
5	256,96	3	4000	0.3116	31
8	256,144	3	4000	0.3793	32
10	256,176	3	4000	0.3804	33
7	256,128	3	4000	0.3861	34
9	256,160	3	4000	0.4043	35
34	332032,1	3	8000	0.0447	1
30	16384,16	3	8000	0.0512	2
31	16384,32	3	8000	0.0698	3
22	4096,16	3	8000	0.08	4
23	4096,32	3	8000	0.0858	5
24	4096,48	3	8000	0.1	6
25	4096,64	3	8000	0.1133	7
26	4096,80	3	8000	0.1215	8
27	4096,96	3	8000	0.1339	9
28	4096,112	3	8000	0.1479	10
29	4096,128	3	8000	0.1555	11
12	1024,32	3	8000	0.1637	12
11	1024,16	3	8000	0.1716	13
13	1024,48	3	8000	0.2018	14
2	256,48	3	8000	0.21	15
14	1024,64	3	8000	0.2236	16
1	256,32	3	8000	0.2261	17
16	1024,96	3	8000	0.2282	18
15	1024,80	3	8000	0.2296	19
18	1024,128	3	8000	0.2306	20
4	256,80	3	8000	0.2379	21
17	1024,112	3	8000	0.2387	22
19	1024,144	3	8000	0.2496	23
20	1024,160	3	8000	0.2563	24
3	256,64	3	8000	0.2611	25
21	1024,176	3	8000	0.2742	26
32	1048576,16	3	8000	0.2784	27
6	256,112	3	8000	0.3084	28
35	341774,384	3	8000	0.3141	29
33	4096,384	3	8000	0.3156	30
5	256,96	3	8000	0.4285	31
7	256,128	3	8000	0.5581	32
8	256,144	3	8000	0.56	33
10	256,176	3	8000	0.571	34
9	256,160	3	8000	0.5847	35
34	332032,1	3	65536	0.0479	1
30	16384,16	3	65536	0.1031	2
31	16384,32	3	65536	0.1512	3
23	4096,32	3	65536	0.2417	4
22	4096,16	3	65536	0.2435	5
24	4096,48	3	65536	0.2985	6
25	4096,64	3	65536	0.3431	7
12	1024,32	3	65536	0.3866	8
26	4096,80	3	65536	0.3894	9
13	1024,48	3	65536	0.4367	10
27	4096,96	3	65536	0.4687	11
32	1048576,16	3	65536	0.5033	12
29	4096,128	3	65536	0.5103	13
14	1024,64	3	65536	0.5153	14
28	4096,112	3	65536	0.5424	15
17	1024,112	3	65536	0.5466	16
15	1024,80	3	65536	0.5709	17
35	341774,384	3	65536	0.6505	18
33	4096,384	3	65536	0.6844	19
16	1024,96	3	65536	0.6984	20
1	256,32	3	65536	0.7065	21
21	1024,176	3	65536	0.7082	22
2	256,48	3	65536	0.7333	23
11	1024,16	3	65536	0.7402	24
20	1024,160	3	65536	0.7553	25
4	256,80	3	65536	0.7703	26
18	1024,128	3	65536	0.7719	27
19	1024,144	3	65536	0.773	28
3	256,64	3	65536	0.7862	29
6	256,112	3	65536	0.9663	30
10	256,176	3	65536	1.04	31
7	256,128	3	65536	1.0421	32
5	256,96	3	65536	1.1432	33
9	256,160	3	65536	1.1542	34
8	256,144	3	65536	1.2131	35
34	332032,1	3	1048576	0.1821	1
31	16384,32	3	1048576	0.6602	2
30	16384,16	3	1048576	0.7512	3
23	4096,32	3	1048576	1.2302	4
24	4096,48	3	1048576	1.5153	5
25	4096,64	3	1048576	1.6544	6
26	4096,80	3	1048576	1.8478	7
27	4096,96	3	1048576	2.0638	8
22	4096,16	3	1048576	2.2468	9
28	4096,112	3	1048576	2.3835	10
29	4096,128	3	1048576	2.5295	11
15	1024,80	3	1048576	3.3186	12
16	1024,96	3	1048576	3.5329	13
17	1024,112	3	1048576	3.5674	14
18	1024,128	3	1048576	3.6064	15
13	1024,48	3	1048576	3.6395	16
14	1024,64	3	1048576	3.6725	17
21	1024,176	3	1048576	3.9387	18
20	1024,160	3	1048576	3.9625	19
12	1024,32	3	1048576	4.1048	20
32	1048576,16	3	1048576	4.1511	21
3	256,64	3	1048576	6.1191	22
2	256,48	3	1048576	6.8212	23
4	256,80	3	1048576	7.0156	24
11	1024,16	3	1048576	7.4944	25
1	256,32	3	1048576	7.5601	26
19	1024,144	3	1048576	7.5832	27
33	4096,384	3	1048576	8.2442	28
35	341774,384	3	1048576	8.2513	29
6	256,112	3	1048576	8.312	30
5	256,96	3	1048576	8.7232	31
8	256,144	3	1048576	9.0319	32
7	256,128	3	1048576	9.0845	33
9	256,160	3	1048576	9.2521	34
10	256,176	3	1048576	9.6507	35
34	332032,1	3	16777216	2.1335	1
30	16384,16	3	16777216	7.2299	2
31	16384,32	3	16777216	8.5987	3
23	4096,32	3	16777216	15.7814	4
22	4096,16	3	16777216	17.8088	5
24	4096,48	3	16777216	19.4349	6
25	4096,64	3	16777216	21.5209	7
26	4096,80	3	16777216	23.8623	8
27	4096,96	3	16777216	25.3784	9
28	4096,112	3	16777216	31.416	10
29	4096,128	3	16777216	32.5518	11
12	1024,32	3	16777216	43.0702	12
15	1024,80	3	16777216	47.6401	13
18	1024,128	3	16777216	49.85	14
17	1024,112	3	16777216	52.529	15
13	1024,48	3	16777216	53.2926	16
16	1024,96	3	16777216	53.313	17
20	1024,160	3	16777216	54.2115	18
19	1024,144	3	16777216	54.4213	19
14	1024,64	3	16777216	57.0225	20
21	1024,176	3	16777216	59.3799	21
11	1024,16	3	16777216	62.9809	22
32	1048576,16	3	16777216	63.8017	23
3	256,64	3	16777216	101.0916	24
1	256,32	3	16777216	103.0555	25
2	256,48	3	16777216	107.5261	26
4	256,80	3	16777216	110.6073	27
5	256,96	3	16777216	127.1904	28
6	256,112	3	16777216	130.2262	29
33	4096,384	3	16777216	132.7825	30
35	341774,384	3	16777216	132.9826	31
8	256,144	3	16777216	141.9175	32
7	256,128	3	16777216	147.5013	33
10	256,176	3	16777216	148.5552	34
9	256,160	3	16777216	149.4677	35
