config_id	chunk_size	compression_algo	compression_level	usecase	spans_t	spans_x	spans_y	read_times(sec)	ranks	compromises
71	4096,4,4	uncompressed	NA	4	4000	4	4	0.0781	1	1
8	1,796,512	blosc-lz4	5	4	500	64	64	0.2635	1	1
71	4096,4,4	uncompressed	NA	4	500	4	4	0.0927	1	1
71	4096,4,4	uncompressed	NA	4	4000	64	64	0.4733	1	1
51	625,25,16	blosc-blosclz	5	4	500	4	4	0.0952	2	1.026968716
5	1,796,512	blosc-blosclz	5	4	500	64	64	0.2638	2	1.00113852
62	625,25,16	lz4	1048576	4	500	4	4	0.1037	3	1.118662352
70	1,796,512	uncompressed	NA	4	4000	64	64	0.4958	2	1.047538559
50	625,25,16	blosc-blosclz	2	4	500	4	4	0.1055	4	1.138079827
12	1,796,512	blosc-lz4hc	8	4	500	64	64	0.266	3	1.009487666
47	625,25,16	gzip	4	4	500	4	4	0.1058	5	1.141316073
8	1,796,512	blosc-lz4	5	4	4000	64	64	0.5004	3	1.057257553
63	625,25,16	lz4	33554432	4	500	4	4	0.1058	6	1.141316073
19	1,796,512	lzf	NA	4	500	64	64	0.2738	4	1.039089184
53	625,25,16	blosc-lz4	2	4	500	4	4	0.1078	7	1.162891046
9	1,796,512	blosc-lz4	8	4	4000	64	64	0.5065	4	1.070145785
72	625,25,16	uncompressed	NA	4	500	4	4	0.1083	8	1.16828479
6	1,796,512	blosc-blosclz	8	4	500	64	64	0.2867	5	1.088045541
37	4096,4,4	blosc-zstd	5	4	500	4	4	0.1093	9	1.179072276
6	1,796,512	blosc-blosclz	8	4	4000	64	64	0.5067	5	1.07056835
48	625,25,16	gzip	6	4	500	4	4	0.1096	10	1.182308522
70	1,796,512	uncompressed	NA	4	500	64	64	0.2871	6	1.089563567
32	4096,4,4	blosc-lz4	8	4	500	4	4	0.1096	11	1.182308522
12	1,796,512	blosc-lz4hc	8	4	4000	64	64	0.5128	6	1.083456581
43	4096,4,4	zstd	3	4	500	4	4	0.1098	12	1.184466019
10	1,796,512	blosc-lz4hc	2	4	500	64	64	0.29	7	1.10056926
58	625,25,16	blosc-lz4hc	8	4	500	4	4	0.1103	13	1.189859763
4	1,796,512	blosc-blosclz	2	4	4000	64	64	0.5176	7	1.093598141
38	4096,4,4	blosc-zstd	8	4	500	4	4	0.1104	14	1.190938511
7	1,796,512	blosc-lz4	2	4	500	64	64	0.2922	8	1.108918406
61	625,25,16	blosc-zstd	8	4	500	4	4	0.1106	15	1.193096009
5	1,796,512	blosc-blosclz	5	4	4000	64	64	0.5221	8	1.103105853
49	625,25,16	gzip	8	4	500	4	4	0.1114	16	1.201725998
11	1,796,512	blosc-lz4hc	5	4	500	64	64	0.2996	9	1.137001898
56	625,25,16	blosc-lz4hc	2	4	500	4	4	0.1116	17	1.203883495
19	1,796,512	lzf	NA	4	4000	64	64	0.5254	9	1.110078175
64	625,25,16	lz4	1073741824	4	500	4	4	0.1118	18	1.206040992
17	1,796,512	lz4	33554432	4	500	64	64	0.2998	10	1.137760911
29	4096,4,4	blosc-blosclz	8	4	500	4	4	0.1119	19	1.207119741
11	1,796,512	blosc-lz4hc	5	4	4000	64	64	0.5269	10	1.113247412
57	625,25,16	blosc-lz4hc	5	4	500	4	4	0.1121	20	1.209277238
16	1,796,512	lz4	1048576	4	500	64	64	0.3104	11	1.177988615
68	625,25,16	zstd	22	4	500	4	4	0.1124	21	1.212513484
7	1,796,512	blosc-lz4	2	4	4000	64	64	0.5338	11	1.127825903
41	4096,4,4	lz4	1073741824	4	500	4	4	0.1125	22	1.213592233
18	1,796,512	lz4	1073741824	4	500	64	64	0.3217	12	1.220872865
52	625,25,16	blosc-blosclz	8	4	500	4	4	0.113	23	1.218985976
10	1,796,512	blosc-lz4hc	2	4	4000	64	64	0.536	12	1.132474118
42	4096,4,4	lzf	NA	4	500	4	4	0.1147	24	1.237324703
4	1,796,512	blosc-blosclz	2	4	500	64	64	0.3259	13	1.236812144
24	4096,4,4	gzip	4	4	500	4	4	0.1179	25	1.27184466
16	1,796,512	lz4	1048576	4	4000	64	64	0.8621	13	1.8214663
65	625,25,16	lzf	NA	4	500	4	4	0.118	26	1.272923409
71	4096,4,4	uncompressed	NA	4	500	64	64	0.3581	14	1.359013283
54	625,25,16	blosc-lz4	5	4	500	4	4	0.1191	27	1.284789644
17	1,796,512	lz4	33554432	4	4000	64	64	0.8693	14	1.836678639
30	4096,4,4	blosc-lz4	2	4	500	4	4	0.1194	28	1.28802589
9	1,796,512	blosc-lz4	8	4	500	64	64	0.37	15	1.404174573
34	4096,4,4	blosc-lz4hc	5	4	500	4	4	0.1194	29	1.28802589
18	1,796,512	lz4	1073741824	4	4000	64	64	0.9172	15	1.93788295
31	4096,4,4	blosc-lz4	5	4	500	4	4	0.1198	30	1.292340885
20	1,796,512	zstd	3	4	500	64	64	0.3855	16	1.462998102
59	625,25,16	blosc-zstd	2	4	500	4	4	0.1204	31	1.298813376
21	1,796,512	zstd	12	4	4000	64	64	1.7336	16	3.662793154
31	4096,4,4	blosc-lz4	5	4	4000	4	4	0.121	2	1.549295775
21	1,796,512	zstd	12	4	500	64	64	0.3861	17	1.465275142
36	4096,4,4	blosc-zstd	2	4	500	4	4	0.1214	32	1.309600863
20	1,796,512	zstd	3	4	4000	64	64	1.7804	17	3.761673357
33	4096,4,4	blosc-lz4hc	2	4	500	4	4	0.1233	33	1.330097087
13	1,796,512	blosc-zstd	2	4	500	64	64	0.4039	18	1.532827324
35	4096,4,4	blosc-lz4hc	8	4	500	4	4	0.1233	34	1.330097087
15	1,796,512	blosc-zstd	8	4	4000	64	64	1.781	18	3.762941052
40	4096,4,4	lz4	33554432	4	500	4	4	0.1269	35	1.368932039
14	1,796,512	blosc-zstd	5	4	500	64	64	0.4138	19	1.570398482
55	625,25,16	blosc-lz4	8	4	500	4	4	0.1276	36	1.376483279
14	1,796,512	blosc-zstd	5	4	4000	64	64	1.8008	19	3.804774984
41	4096,4,4	lz4	1073741824	4	4000	4	4	0.1311	3	1.678617157
15	1,796,512	blosc-zstd	8	4	500	64	64	0.4251	20	1.613282732
33	4096,4,4	blosc-lz4hc	2	4	4000	4	4	0.132	4	1.690140845
13	1,796,512	blosc-zstd	2	4	4000	64	64	1.8312	20	3.869004859
24	4096,4,4	gzip	4	4	4000	4	4	0.1372	5	1.756722151
22	1,796,512	zstd	22	4	500	64	64	0.5332	21	2.023529412
67	625,25,16	zstd	12	4	500	4	4	0.1372	37	1.48004315
72	625,25,16	uncompressed	NA	4	4000	64	64	2.5756	21	5.441791675
38	4096,4,4	blosc-zstd	8	4	4000	4	4	0.1373	6	1.758002561
72	625,25,16	uncompressed	NA	4	500	64	64	0.8045	22	3.05313093
43	4096,4,4	zstd	3	4	4000	4	4	0.1385	7	1.773367478
22	1,796,512	zstd	22	4	4000	64	64	3.1235	22	6.599408409
29	4096,4,4	blosc-blosclz	8	4	4000	4	4	0.1445	8	1.850192061
68	625,25,16	zstd	22	4	500	64	64	1.0959	23	4.159013283
60	625,25,16	blosc-zstd	5	4	500	4	4	0.1472	38	1.587918015
68	625,25,16	zstd	22	4	4000	64	64	4.0026	23	8.456792732
39	4096,4,4	lz4	1048576	4	500	4	4	0.1498	39	1.61596548
51	625,25,16	blosc-blosclz	5	4	500	64	64	1.1237	24	4.264516129
66	625,25,16	zstd	3	4	500	4	4	0.1501	40	1.619201726
54	625,25,16	blosc-lz4	5	4	4000	64	64	4.0075	24	8.467145574
30	4096,4,4	blosc-lz4	2	4	4000	4	4	0.1558	9	1.994878361
56	625,25,16	blosc-lz4hc	2	4	500	64	64	1.1262	25	4.274003795
36	4096,4,4	blosc-zstd	2	4	4000	4	4	0.1576	10	2.017925736
59	625,25,16	blosc-zstd	2	4	4000	64	64	4.0518	25	8.560743714
42	4096,4,4	lzf	NA	4	4000	4	4	0.158	11	2.023047375
57	625,25,16	blosc-lz4hc	5	4	500	64	64	1.1409	26	4.329791271
32	4096,4,4	blosc-lz4	8	4	4000	4	4	0.1614	12	2.066581306
51	625,25,16	blosc-blosclz	5	4	4000	64	64	4.0737	26	8.607014578
39	4096,4,4	lz4	1048576	4	4000	4	4	0.1619	13	2.072983355
53	625,25,16	blosc-lz4	2	4	500	64	64	1.149	27	4.360531309
35	4096,4,4	blosc-lz4hc	8	4	4000	4	4	0.1621	14	2.075544174
53	625,25,16	blosc-lz4	2	4	4000	64	64	4.0914	27	8.644411578
40	4096,4,4	lz4	33554432	4	4000	4	4	0.1694	15	2.169014085
61	625,25,16	blosc-zstd	8	4	500	64	64	1.1492	28	4.361290323
44	4096,4,4	zstd	12	4	500	4	4	0.1748	41	1.885652643
52	625,25,16	blosc-blosclz	8	4	4000	64	64	4.1045	28	8.672089584
44	4096,4,4	zstd	12	4	4000	4	4	0.1781	16	2.280409731
63	625,25,16	lz4	33554432	4	500	64	64	1.1512	29	4.368880455
37	4096,4,4	blosc-zstd	5	4	4000	4	4	0.1796	17	2.299615877
61	625,25,16	blosc-zstd	8	4	4000	64	64	4.1138	29	8.691738855
34	4096,4,4	blosc-lz4hc	5	4	4000	4	4	0.1869	18	2.393085787
58	625,25,16	blosc-lz4hc	8	4	500	64	64	1.157	30	4.390891841
28	4096,4,4	blosc-blosclz	5	4	4000	4	4	0.1995	19	2.554417414
56	625,25,16	blosc-lz4hc	2	4	4000	64	64	4.1263	30	8.718149165
27	4096,4,4	blosc-blosclz	2	4	4000	4	4	0.2657	20	3.402048656
52	625,25,16	blosc-blosclz	8	4	500	64	64	1.1644	31	4.418975332
27	4096,4,4	blosc-blosclz	2	4	500	4	4	0.2873	42	3.099244876
62	625,25,16	lz4	1048576	4	4000	64	64	4.1437	31	8.754912318
57	625,25,16	blosc-lz4hc	5	4	4000	4	4	0.2918	21	3.736235595
62	625,25,16	lz4	1048576	4	500	64	64	1.169	32	4.436432638
51	625,25,16	blosc-blosclz	5	4	4000	4	4	0.2932	22	3.754161332
50	625,25,16	blosc-blosclz	2	4	4000	64	64	4.1965	32	8.86646947
25	4096,4,4	gzip	6	4	4000	4	4	0.2941	23	3.765685019
64	625,25,16	lz4	1073741824	4	500	64	64	1.1742	33	4.456166983
52	625,25,16	blosc-blosclz	8	4	4000	4	4	0.2999	24	3.839948784
63	625,25,16	lz4	33554432	4	4000	64	64	4.2455	33	8.969997887
53	625,25,16	blosc-lz4	2	4	4000	4	4	0.3005	25	3.847631242
54	625,25,16	blosc-lz4	5	4	500	64	64	1.1812	34	4.482732448
56	625,25,16	blosc-lz4hc	2	4	4000	4	4	0.3064	26	3.923175416
57	625,25,16	blosc-lz4hc	5	4	4000	64	64	4.2534	34	8.986689203
68	625,25,16	zstd	22	4	4000	4	4	0.3073	27	3.934699104
50	625,25,16	blosc-blosclz	2	4	500	64	64	1.193	35	4.527514231
28	4096,4,4	blosc-blosclz	5	4	500	4	4	0.3078	43	3.32038835
58	625,25,16	blosc-lz4hc	8	4	4000	64	64	4.31	35	9.10627509
64	625,25,16	lz4	1073741824	4	4000	4	4	0.3092	28	3.959026889
49	625,25,16	gzip	8	4	500	64	64	1.1956	36	4.537381404
62	625,25,16	lz4	1048576	4	4000	4	4	0.3144	29	4.025608195
66	625,25,16	zstd	3	4	4000	64	64	4.3227	36	9.133107965
63	625,25,16	lz4	33554432	4	4000	4	4	0.316	30	4.04609475
59	625,25,16	blosc-zstd	2	4	500	64	64	1.208	37	4.584440228
61	625,25,16	blosc-zstd	8	4	4000	4	4	0.3211	31	4.111395647
64	625,25,16	lz4	1073741824	4	4000	64	64	4.3631	37	9.218466089
49	625,25,16	gzip	8	4	4000	4	4	0.3218	32	4.120358515
48	625,25,16	gzip	6	4	500	64	64	1.2656	38	4.803036053
72	625,25,16	uncompressed	NA	4	4000	4	4	0.3221	33	4.124199744
49	625,25,16	gzip	8	4	4000	64	64	4.4482	38	9.398267484
50	625,25,16	blosc-blosclz	2	4	4000	4	4	0.3238	34	4.145966709
47	625,25,16	gzip	4	4	500	64	64	1.2762	39	4.843263757
58	625,25,16	blosc-lz4hc	8	4	4000	4	4	0.3265	35	4.180537772
67	625,25,16	zstd	12	4	4000	64	64	4.5818	39	9.680540883
26	4096,4,4	gzip	8	4	4000	4	4	0.3267	36	4.183098592
55	625,25,16	blosc-lz4	8	4	500	64	64	1.5578	40	5.911954459
54	625,25,16	blosc-lz4	5	4	4000	4	4	0.3309	37	4.2368758
48	625,25,16	gzip	6	4	4000	64	64	4.5894	40	9.696598352
59	625,25,16	blosc-zstd	2	4	4000	4	4	0.333	38	4.263764405
60	625,25,16	blosc-zstd	5	4	500	64	64	1.6869	41	6.401897533
48	625,25,16	gzip	6	4	4000	4	4	0.3552	39	4.548015365
47	625,25,16	gzip	4	4	4000	64	64	4.7584	41	10.05366575
47	625,25,16	gzip	4	4	4000	4	4	0.3705	40	4.743918054
66	625,25,16	zstd	3	4	500	64	64	1.9263	42	7.310436433
55	625,25,16	blosc-lz4	8	4	4000	4	4	0.4231	41	5.417413572
60	625,25,16	blosc-zstd	5	4	4000	64	64	5.6349	42	11.90555673
26	4096,4,4	gzip	8	4	500	4	4	0.4396	44	4.742179072
3	1,796,512	gzip	8	4	500	64	64	1.9674	43	7.466413662
60	625,25,16	blosc-zstd	5	4	4000	4	4	0.4517	42	5.783610755
55	625,25,16	blosc-lz4	8	4	4000	64	64	5.7634	43	12.17705472
70	1,796,512	uncompressed	NA	4	4000	4	4	0.4842	43	6.199743918
2	1,796,512	gzip	6	4	500	64	64	1.9731	44	7.488045541
8	1,796,512	blosc-lz4	5	4	4000	4	4	0.4858	44	6.220230474
65	625,25,16	lzf	NA	4	4000	64	64	9.345	44	19.74434819
65	625,25,16	lzf	NA	4	4000	4	4	0.4874	45	6.240717029
1	1,796,512	gzip	4	4	500	64	64	1.9796	45	7.512713472
9	1,796,512	blosc-lz4	8	4	4000	4	4	0.4907	46	6.282970551
36	4096,4,4	blosc-zstd	2	4	4000	64	64	11.9917	45	25.33636172
6	1,796,512	blosc-blosclz	8	4	4000	4	4	0.4923	47	6.303457106
67	625,25,16	zstd	12	4	500	64	64	2.158	46	8.189753321
4	1,796,512	blosc-blosclz	2	4	4000	4	4	0.5022	48	6.43021767
42	4096,4,4	lzf	NA	4	4000	64	64	12.1948	46	25.76547644
5	1,796,512	blosc-blosclz	5	4	4000	4	4	0.5029	49	6.439180538
65	625,25,16	lzf	NA	4	500	64	64	2.7502	47	10.43719165
12	1,796,512	blosc-lz4hc	8	4	4000	4	4	0.5057	50	6.47503201
38	4096,4,4	blosc-zstd	8	4	4000	64	64	12.2015	47	25.77963237
19	1,796,512	lzf	NA	4	4000	4	4	0.5131	51	6.56978233
41	4096,4,4	lz4	1073741824	4	500	64	64	6.2404	48	23.68273245
11	1,796,512	blosc-lz4hc	5	4	4000	4	4	0.5142	52	6.583866837
41	4096,4,4	lz4	1073741824	4	4000	64	64	12.2058	48	25.78871752
7	1,796,512	blosc-lz4	2	4	4000	4	4	0.5189	53	6.644046095
43	4096,4,4	zstd	3	4	500	64	64	6.3134	49	23.9597723
10	1,796,512	blosc-lz4hc	2	4	4000	4	4	0.54	54	6.914212548
33	4096,4,4	blosc-lz4hc	2	4	4000	64	64	12.2627	49	25.90893725
25	4096,4,4	gzip	6	4	500	4	4	0.5492	45	5.924487594
29	4096,4,4	blosc-blosclz	8	4	500	64	64	6.3643	50	24.15294118
66	625,25,16	zstd	3	4	4000	4	4	0.5746	55	7.357234315
29	4096,4,4	blosc-blosclz	8	4	4000	64	64	12.3305	50	26.05218677
67	625,25,16	zstd	12	4	4000	4	4	0.5918	56	7.577464789
36	4096,4,4	blosc-zstd	2	4	500	64	64	6.4061	51	24.31157495
70	1,796,512	uncompressed	NA	4	500	4	4	0.6109	46	6.590075512
43	4096,4,4	zstd	3	4	4000	64	64	12.3403	51	26.07289246
8	1,796,512	blosc-lz4	5	4	500	4	4	0.6671	47	7.196332255
31	4096,4,4	blosc-lz4	5	4	500	64	64	6.4689	52	24.54990512
11	1,796,512	blosc-lz4hc	5	4	500	4	4	0.6727	48	7.256742179
24	4096,4,4	gzip	4	4	4000	64	64	12.3504	52	26.09423199
17	1,796,512	lz4	33554432	4	500	4	4	0.6825	49	7.362459547
24	4096,4,4	gzip	4	4	500	64	64	6.4701	53	24.5544592
9	1,796,512	blosc-lz4	8	4	500	4	4	0.6977	50	7.526429342
30	4096,4,4	blosc-lz4	2	4	4000	64	64	12.4342	53	26.27128671
5	1,796,512	blosc-blosclz	5	4	500	4	4	0.6978	51	7.527508091
33	4096,4,4	blosc-lz4hc	2	4	500	64	64	6.5631	54	24.90740038
19	1,796,512	lzf	NA	4	500	4	4	0.6982	52	7.531823085
31	4096,4,4	blosc-lz4	5	4	4000	64	64	12.4547	54	26.31459962
7	1,796,512	blosc-lz4	2	4	500	4	4	0.7081	53	7.638619202
30	4096,4,4	blosc-lz4	2	4	500	64	64	6.6723	55	25.32182163
10	1,796,512	blosc-lz4hc	2	4	500	4	4	0.7088	54	7.646170442
32	4096,4,4	blosc-lz4	8	4	4000	64	64	12.8445	55	27.13817874
18	1,796,512	lz4	1073741824	4	500	4	4	0.714	55	7.702265372
35	4096,4,4	blosc-lz4hc	8	4	500	64	64	6.6947	56	25.40683112
16	1,796,512	lz4	1048576	4	500	4	4	0.7254	56	7.825242718
34	4096,4,4	blosc-lz4hc	5	4	4000	64	64	13.3151	56	28.13247412
21	1,796,512	zstd	12	4	500	4	4	0.745	57	8.036677454
38	4096,4,4	blosc-zstd	8	4	500	64	64	6.7597	57	25.65351044
20	1,796,512	zstd	3	4	500	4	4	0.7613	58	8.212513484
39	4096,4,4	lz4	1048576	4	4000	64	64	13.9085	57	29.38622438
6	1,796,512	blosc-blosclz	8	4	500	4	4	0.7673	59	8.277238403
32	4096,4,4	blosc-lz4	8	4	500	64	64	6.8745	58	26.08918406
4	1,796,512	blosc-blosclz	2	4	500	4	4	0.7735	60	8.34412082
35	4096,4,4	blosc-lz4hc	8	4	4000	64	64	14.1794	58	29.95858863
15	1,796,512	blosc-zstd	8	4	500	4	4	0.7901	61	8.523193096
34	4096,4,4	blosc-lz4hc	5	4	500	64	64	6.9505	59	26.37760911
16	1,796,512	lz4	1048576	4	4000	4	4	0.8469	57	10.84379001
40	4096,4,4	lz4	33554432	4	4000	64	64	14.3766	59	30.37523769
22	1,796,512	zstd	22	4	500	4	4	0.8478	62	9.145631068
42	4096,4,4	lzf	NA	4	500	64	64	7.2588	60	27.54762808
17	1,796,512	lz4	33554432	4	4000	4	4	0.8563	58	10.96414853
3	1,796,512	gzip	8	4	4000	64	64	15.0624	60	31.82421297
18	1,796,512	lz4	1073741824	4	4000	4	4	0.9009	59	11.53521127
39	4096,4,4	lz4	1048576	4	500	64	64	7.3584	61	27.9256167
12	1,796,512	blosc-lz4hc	8	4	500	4	4	0.9179	63	9.901833873
2	1,796,512	gzip	6	4	4000	64	64	15.0709	61	31.84217198
14	1,796,512	blosc-zstd	5	4	500	4	4	0.9389	64	10.12837109
40	4096,4,4	lz4	33554432	4	500	64	64	7.6254	62	28.93889943
13	1,796,512	blosc-zstd	2	4	500	4	4	1.0043	65	10.83387271
1	1,796,512	gzip	4	4	4000	64	64	15.1101	62	31.92499472
21	1,796,512	zstd	12	4	4000	4	4	2.0116	60	25.75672215
44	4096,4,4	zstd	12	4	500	64	64	9.7787	63	37.11081594
15	1,796,512	blosc-zstd	8	4	4000	4	4	2.06	61	26.37644046
44	4096,4,4	zstd	12	4	4000	64	64	16.2109	63	34.25079231
20	1,796,512	zstd	3	4	4000	4	4	2.0845	62	26.69014085
28	4096,4,4	blosc-blosclz	5	4	500	64	64	13.4357	64	50.98937381
13	1,796,512	blosc-zstd	2	4	4000	4	4	2.1056	63	26.9603073
28	4096,4,4	blosc-blosclz	5	4	4000	64	64	20.046	64	42.35368688
14	1,796,512	blosc-zstd	5	4	4000	4	4	2.1479	64	27.50192061
27	4096,4,4	blosc-blosclz	2	4	500	64	64	13.9895	65	53.09108159
1	1,796,512	gzip	4	4	500	4	4	2.2943	66	24.74973031
27	4096,4,4	blosc-blosclz	2	4	4000	64	64	20.4842	65	43.27952673
3	1,796,512	gzip	8	4	500	4	4	2.2954	67	24.76159655
37	4096,4,4	blosc-zstd	5	4	500	64	64	16.6733	66	63.27628083
2	1,796,512	gzip	6	4	500	4	4	2.3487	68	25.33656958
37	4096,4,4	blosc-zstd	5	4	4000	64	64	36.4346	66	76.97992816
22	1,796,512	zstd	22	4	4000	4	4	3.5786	65	45.82074264
25	4096,4,4	gzip	6	4	500	64	64	28.4788	67	108.0789374
3	1,796,512	gzip	8	4	4000	4	4	15.127	66	193.68758
26	4096,4,4	gzip	8	4	4000	64	64	52.489	67	110.9000634
2	1,796,512	gzip	6	4	4000	4	4	15.1368	67	193.8130602
26	4096,4,4	gzip	8	4	500	64	64	29.2023	68	110.8246679
1	1,796,512	gzip	4	4	4000	4	4	15.1635	68	194.1549296
25	4096,4,4	gzip	6	4	4000	64	64	72.3988	68	152.9659835
8	1,796,512	blosc-lz4	5	5	500	796	512	0.2567	1	1
4	1,796,512	blosc-blosclz	2	5	4000	796	512	2.079	1	1
6	1,796,512	blosc-blosclz	8	5	500	796	512	0.2583	2	1.006232957
6	1,796,512	blosc-blosclz	8	5	4000	796	512	2.0797	2	1.0003367
70	1,796,512	uncompressed	NA	5	500	796	512	0.2583	3	1.006232957
8	1,796,512	blosc-lz4	5	5	4000	796	512	2.085	3	1.002886003
9	1,796,512	blosc-lz4	8	5	500	796	512	0.2587	4	1.007791196
9	1,796,512	blosc-lz4	8	5	4000	796	512	2.1159	4	1.017748918
10	1,796,512	blosc-lz4hc	2	5	500	796	512	0.2594	5	1.010518115
11	1,796,512	blosc-lz4hc	5	5	4000	796	512	2.1169	5	1.018229918
12	1,796,512	blosc-lz4hc	8	5	500	796	512	0.2597	6	1.011686794
7	1,796,512	blosc-lz4	2	5	4000	796	512	2.119	6	1.019240019
11	1,796,512	blosc-lz4hc	5	5	500	796	512	0.2623	7	1.021815349
12	1,796,512	blosc-lz4hc	8	5	4000	796	512	2.122	7	1.020683021
4	1,796,512	blosc-blosclz	2	5	500	796	512	0.2627	8	1.023373588
5	1,796,512	blosc-blosclz	5	5	4000	796	512	2.127	8	1.023088023
5	1,796,512	blosc-blosclz	5	5	500	796	512	0.2637	9	1.027269186
10	1,796,512	blosc-lz4hc	2	5	4000	796	512	2.1348	9	1.026839827
7	1,796,512	blosc-lz4	2	5	500	796	512	0.2653	10	1.033502143
70	1,796,512	uncompressed	NA	5	4000	796	512	2.1349	10	1.026887927
19	1,796,512	lzf	NA	5	500	796	512	0.2665	11	1.03817686
19	1,796,512	lzf	NA	5	4000	796	512	2.1355	11	1.027176527
16	1,796,512	lz4	1048576	5	500	796	512	0.3042	12	1.185040904
17	1,796,512	lz4	33554432	5	4000	796	512	2.4468	12	1.176911977
17	1,796,512	lz4	33554432	5	500	796	512	0.3049	13	1.187767822
16	1,796,512	lz4	1048576	5	4000	796	512	2.5091	13	1.206878307
18	1,796,512	lz4	1073741824	5	500	796	512	0.317	14	1.234904558
18	1,796,512	lz4	1073741824	5	4000	796	512	2.619	14	1.25974026
21	1,796,512	zstd	12	5	500	796	512	0.4162	15	1.621347877
15	1,796,512	blosc-zstd	8	5	4000	796	512	3.7223	15	1.79042809
15	1,796,512	blosc-zstd	8	5	500	796	512	0.426	16	1.659524737
20	1,796,512	zstd	3	5	4000	796	512	3.7233	16	1.790909091
20	1,796,512	zstd	3	5	500	796	512	0.4274	17	1.664978574
14	1,796,512	blosc-zstd	5	5	4000	796	512	3.7423	17	1.8000481
14	1,796,512	blosc-zstd	5	5	500	796	512	0.4294	18	1.67276977
21	1,796,512	zstd	12	5	4000	796	512	3.7499	18	1.803703704
13	1,796,512	blosc-zstd	2	5	500	796	512	0.437	19	1.702376315
13	1,796,512	blosc-zstd	2	5	4000	796	512	3.7633	19	1.81014911
22	1,796,512	zstd	22	5	500	796	512	0.6168	20	2.402804831
54	625,25,16	blosc-lz4	5	5	4000	796	512	4.7958	20	2.306782107
72	625,25,16	uncompressed	NA	5	500	796	512	1.1134	21	4.337358785
72	625,25,16	uncompressed	NA	5	4000	796	512	4.8882	21	2.351226551
33	4096,4,4	blosc-lz4hc	2	5	500	796	512	2.0239	22	7.88430074
50	625,25,16	blosc-blosclz	2	5	4000	796	512	4.8919	22	2.353006253
71	4096,4,4	uncompressed	NA	5	500	796	512	2.0412	23	7.951694585
53	625,25,16	blosc-lz4	2	5	4000	796	512	4.9498	23	2.380856181
27	4096,4,4	blosc-blosclz	2	5	500	796	512	2.0591	24	8.021425789
57	625,25,16	blosc-lz4hc	5	5	4000	796	512	4.9698	24	2.39047619
29	4096,4,4	blosc-blosclz	8	5	500	796	512	2.0687	25	8.058823529
22	1,796,512	zstd	22	5	4000	796	512	4.9912	25	2.400769601
2	1,796,512	gzip	6	5	500	796	512	2.0854	26	8.123880016
51	625,25,16	blosc-blosclz	5	5	4000	796	512	4.9932	26	2.401731602
1	1,796,512	gzip	4	5	500	796	512	2.0885	27	8.135956369
56	625,25,16	blosc-lz4hc	2	5	4000	796	512	5.0186	27	2.413949014
3	1,796,512	gzip	8	5	500	796	512	2.1026	28	8.190884301
58	625,25,16	blosc-lz4hc	8	5	4000	796	512	5.0412	28	2.424819625
28	4096,4,4	blosc-blosclz	5	5	500	796	512	2.1041	29	8.196727698
55	625,25,16	blosc-lz4	8	5	4000	796	512	5.1093	29	2.457575758
35	4096,4,4	blosc-lz4hc	8	5	500	796	512	2.1093	30	8.216984807
62	625,25,16	lz4	1048576	5	4000	796	512	5.3182	30	2.558056758
34	4096,4,4	blosc-lz4hc	5	5	500	796	512	2.138	31	8.328788469
64	625,25,16	lz4	1073741824	5	4000	796	512	5.5125	31	2.651515152
31	4096,4,4	blosc-lz4	5	5	500	796	512	2.1434	32	8.349824698
67	625,25,16	zstd	12	5	4000	796	512	6.9157	32	3.326455026
32	4096,4,4	blosc-lz4	8	5	500	796	512	2.161	33	8.418387222
66	625,25,16	zstd	3	5	4000	796	512	7.0316	33	3.382202982
42	4096,4,4	lzf	NA	5	500	796	512	2.214	34	8.624853915
59	625,25,16	blosc-zstd	2	5	4000	796	512	7.1562	34	3.442135642
39	4096,4,4	lz4	1048576	5	500	796	512	2.3585	35	9.187767822
68	625,25,16	zstd	22	5	4000	796	512	7.157	35	3.442520443
30	4096,4,4	blosc-lz4	2	5	500	796	512	2.4111	36	9.392676276
61	625,25,16	blosc-zstd	8	5	4000	796	512	7.2254	36	3.475420875
40	4096,4,4	lz4	33554432	5	500	796	512	2.4159	37	9.411375146
60	625,25,16	blosc-zstd	5	5	4000	796	512	7.2304	37	3.477825878
41	4096,4,4	lz4	1073741824	5	500	796	512	2.4479	38	9.536034281
52	625,25,16	blosc-blosclz	8	5	4000	796	512	8.8215	38	4.243145743
37	4096,4,4	blosc-zstd	5	5	500	796	512	4.2256	39	16.4612388
65	625,25,16	lzf	NA	5	4000	796	512	11.1075	39	5.342712843
44	4096,4,4	zstd	12	5	500	796	512	4.2521	40	16.56447215
71	4096,4,4	uncompressed	NA	5	4000	796	512	11.6357	40	5.596777297
36	4096,4,4	blosc-zstd	2	5	500	796	512	4.2615	41	16.60109077
63	625,25,16	lz4	33554432	5	4000	796	512	14.192	41	6.826358826
38	4096,4,4	blosc-zstd	8	5	500	796	512	4.3141	42	16.80599922
2	1,796,512	gzip	6	5	4000	796	512	17.0274	42	8.19018759
43	4096,4,4	zstd	3	5	500	796	512	4.5794	43	17.83950136
1	1,796,512	gzip	4	5	4000	796	512	17.4164	43	8.377296777
59	625,25,16	blosc-zstd	2	5	500	796	512	12.0379	44	46.89481885
3	1,796,512	gzip	8	5	4000	796	512	17.6535	44	8.491341991
52	625,25,16	blosc-blosclz	8	5	500	796	512	12.5145	45	48.75146085
47	625,25,16	gzip	4	5	4000	796	512	20.6884	45	9.951130351
68	625,25,16	zstd	22	5	500	796	512	12.763	46	49.71951695
48	625,25,16	gzip	6	5	4000	796	512	22.4337	46	10.79062049
54	625,25,16	blosc-lz4	5	5	500	796	512	13.0115	47	50.68757304
49	625,25,16	gzip	8	5	4000	796	512	22.7962	47	10.96498316
51	625,25,16	blosc-blosclz	5	5	500	796	512	13.1276	48	51.13985197
29	4096,4,4	blosc-blosclz	8	5	4000	796	512	27.3805	48	13.17003367
53	625,25,16	blosc-lz4	2	5	500	796	512	13.2601	49	51.6560187
44	4096,4,4	zstd	12	5	4000	796	512	27.4625	49	13.20947571
64	625,25,16	lz4	1073741824	5	500	796	512	13.3513	50	52.01129723
27	4096,4,4	blosc-blosclz	2	5	4000	796	512	28.1601	50	13.54502165
63	625,25,16	lz4	33554432	5	500	796	512	13.3688	51	52.0794702
36	4096,4,4	blosc-zstd	2	5	4000	796	512	28.5564	51	13.73564214
66	625,25,16	zstd	3	5	500	796	512	13.4273	52	52.30736268
28	4096,4,4	blosc-blosclz	5	5	4000	796	512	31.2879	52	15.04949495
61	625,25,16	blosc-zstd	8	5	500	796	512	13.896	53	54.13322945
42	4096,4,4	lzf	NA	5	4000	796	512	31.8159	53	15.3034632
62	625,25,16	lz4	1048576	5	500	796	512	14.0153	54	54.59797429
37	4096,4,4	blosc-zstd	5	5	4000	796	512	31.8368	54	15.31351611
50	625,25,16	blosc-blosclz	2	5	500	796	512	14.5644	55	56.73704714
43	4096,4,4	zstd	3	5	4000	796	512	32.0198	55	15.4015392
57	625,25,16	blosc-lz4hc	5	5	500	796	512	15.0835	56	58.75925205
38	4096,4,4	blosc-zstd	8	5	4000	796	512	33.0671	56	15.90529101
58	625,25,16	blosc-lz4hc	8	5	500	796	512	15.1849	57	59.15426568
35	4096,4,4	blosc-lz4hc	8	5	4000	796	512	35.3469	57	17.0018759
67	625,25,16	zstd	12	5	500	796	512	15.6405	58	60.92910012
41	4096,4,4	lz4	1073741824	5	4000	796	512	35.8146	58	17.22683983
56	625,25,16	blosc-lz4hc	2	5	500	796	512	17.0604	59	66.46045968
33	4096,4,4	blosc-lz4hc	2	5	4000	796	512	36.2958	59	17.45829726
26	4096,4,4	gzip	8	5	500	796	512	17.1116	60	66.6599143
34	4096,4,4	blosc-lz4hc	5	5	4000	796	512	36.6226	60	17.61548822
24	4096,4,4	gzip	4	5	500	796	512	17.2808	61	67.31904947
30	4096,4,4	blosc-lz4	2	5	4000	796	512	38.571	61	18.55266955
49	625,25,16	gzip	8	5	500	796	512	17.5057	62	68.19516946
32	4096,4,4	blosc-lz4	8	5	4000	796	512	41.1537	62	19.79494949
47	625,25,16	gzip	4	5	500	796	512	17.6341	63	68.69536424
31	4096,4,4	blosc-lz4	5	5	4000	796	512	46.4199	63	22.32799423
48	625,25,16	gzip	6	5	500	796	512	17.8806	64	69.65562914
24	4096,4,4	gzip	4	5	4000	796	512	56.602	64	27.22558923
25	4096,4,4	gzip	6	5	500	796	512	18.8801	65	73.54927931
25	4096,4,4	gzip	6	5	4000	796	512	57.0243	65	27.42871573
55	625,25,16	blosc-lz4	8	5	500	796	512	22.1166	66	86.15738216
40	4096,4,4	lz4	33554432	5	4000	796	512	58.588	66	28.18085618
60	625,25,16	blosc-zstd	5	5	500	796	512	23.1622	67	90.2306194
26	4096,4,4	gzip	8	5	4000	796	512	63.4474	67	30.51822992
65	625,25,16	lzf	NA	5	500	796	512	40.0314	68	155.9462407
39	4096,4,4	lz4	1048576	5	4000	796	512	65.143	68	31.33381433
4	1,796,512	blosc-blosclz	2	6	1	796	512	0.0002	1	1
6	1,796,512	blosc-blosclz	8	6	1	796	512	0.0002	2	1
9	1,796,512	blosc-lz4	8	6	1	796	512	0.0003	3	1.5
10	1,796,512	blosc-lz4hc	2	6	1	796	512	0.0003	4	1.5
19	1,796,512	lzf	NA	6	1	796	512	0.0003	5	1.5
5	1,796,512	blosc-blosclz	5	6	1	796	512	0.0003	6	1.5
11	1,796,512	blosc-lz4hc	5	6	1	796	512	0.0003	7	1.5
7	1,796,512	blosc-lz4	2	6	1	796	512	0.0003	8	1.5
8	1,796,512	blosc-lz4	5	6	1	796	512	0.0003	9	1.5
17	1,796,512	lz4	33554432	6	1	796	512	0.0003	10	1.5
70	1,796,512	uncompressed	NA	6	1	796	512	0.0003	11	1.5
12	1,796,512	blosc-lz4hc	8	6	1	796	512	0.0003	12	1.5
18	1,796,512	lz4	1073741824	6	1	796	512	0.0004	13	2
16	1,796,512	lz4	1048576	6	1	796	512	0.0004	14	2
14	1,796,512	blosc-zstd	5	6	1	796	512	0.0007	15	3.5
15	1,796,512	blosc-zstd	8	6	1	796	512	0.0007	16	3.5
20	1,796,512	zstd	3	6	1	796	512	0.0007	17	3.5
21	1,796,512	zstd	12	6	1	796	512	0.0007	18	3.5
13	1,796,512	blosc-zstd	2	6	1	796	512	0.0007	19	3.5
22	1,796,512	zstd	22	6	1	796	512	0.0011	20	5.5
3	1,796,512	gzip	8	6	1	796	512	0.0039	21	19.5
2	1,796,512	gzip	6	6	1	796	512	0.0039	22	19.5
1	1,796,512	gzip	4	6	1	796	512	0.004	23	20
50	625,25,16	blosc-blosclz	2	6	1	796	512	0.0835	24	417.5
72	625,25,16	uncompressed	NA	6	1	796	512	0.0838	25	419
54	625,25,16	blosc-lz4	5	6	1	796	512	0.0862	26	431
53	625,25,16	blosc-lz4	2	6	1	796	512	0.0864	27	432
51	625,25,16	blosc-blosclz	5	6	1	796	512	0.0876	28	438
56	625,25,16	blosc-lz4hc	2	6	1	796	512	0.0886	29	443
57	625,25,16	blosc-lz4hc	5	6	1	796	512	0.089	30	445
55	625,25,16	blosc-lz4	8	6	1	796	512	0.0898	31	449
52	625,25,16	blosc-blosclz	8	6	1	796	512	0.0902	32	451
58	625,25,16	blosc-lz4hc	8	6	1	796	512	0.0922	33	461
64	625,25,16	lz4	1073741824	6	1	796	512	0.1374	34	687
62	625,25,16	lz4	1048576	6	1	796	512	0.1436	35	718
63	625,25,16	lz4	33554432	6	1	796	512	0.1471	36	735.5
65	625,25,16	lzf	NA	6	1	796	512	0.3791	37	1895.5
60	625,25,16	blosc-zstd	5	6	1	796	512	0.3798	38	1899
61	625,25,16	blosc-zstd	8	6	1	796	512	0.3814	39	1907
66	625,25,16	zstd	3	6	1	796	512	0.3866	40	1933
59	625,25,16	blosc-zstd	2	6	1	796	512	0.3868	41	1934
67	625,25,16	zstd	12	6	1	796	512	0.3894	42	1947
68	625,25,16	zstd	22	6	1	796	512	0.4092	43	2046
71	4096,4,4	uncompressed	NA	6	1	796	512	0.7049	44	3524.5
29	4096,4,4	blosc-blosclz	8	6	1	796	512	0.7103	45	3551.5
28	4096,4,4	blosc-blosclz	5	6	1	796	512	0.7412	46	3706
34	4096,4,4	blosc-lz4hc	5	6	1	796	512	0.7426	47	3713
27	4096,4,4	blosc-blosclz	2	6	1	796	512	0.7536	48	3768
31	4096,4,4	blosc-lz4	5	6	1	796	512	0.7624	49	3812
35	4096,4,4	blosc-lz4hc	8	6	1	796	512	0.7686	50	3843
33	4096,4,4	blosc-lz4hc	2	6	1	796	512	0.7707	51	3853.5
32	4096,4,4	blosc-lz4	8	6	1	796	512	0.8134	52	4067
42	4096,4,4	lzf	NA	6	1	796	512	0.8215	53	4107.5
30	4096,4,4	blosc-lz4	2	6	1	796	512	0.8221	54	4110.5
39	4096,4,4	lz4	1048576	6	1	796	512	1.0224	55	5112
41	4096,4,4	lz4	1073741824	6	1	796	512	1.0537	56	5268.5
40	4096,4,4	lz4	33554432	6	1	796	512	1.1113	57	5556.5
47	625,25,16	gzip	4	6	1	796	512	2.3527	58	11763.5
48	625,25,16	gzip	6	6	1	796	512	2.3606	59	11803
43	4096,4,4	zstd	3	6	1	796	512	2.7836	60	13918
37	4096,4,4	blosc-zstd	5	6	1	796	512	2.8243	61	14121.5
44	4096,4,4	zstd	12	6	1	796	512	2.831	62	14155
36	4096,4,4	blosc-zstd	2	6	1	796	512	2.8424	63	14212
38	4096,4,4	blosc-zstd	8	6	1	796	512	2.8689	64	14344.5
49	625,25,16	gzip	8	6	1	796	512	3.1332	65	15666
26	4096,4,4	gzip	8	6	1	796	512	15.7618	66	78809
24	4096,4,4	gzip	4	6	1	796	512	15.8529	67	79264.5
25	4096,4,4	gzip	6	6	1	796	512	15.8939	68	79469.5
