config_id	chunk_size	compressionalgo	compression_level	usecase	spans_t	read_times(sec)	ranks
34	16384,32	blosc-lz4hc	5	1	16777216	24.407	1
93	4096,48	uncompressed	NA	1	16777216	24.4877	2
35	16384,32	blosc-lz4hc	8	1	16777216	24.9775	3
94	16384,32	uncompressed	NA	1	16777216	25.108	4
11	4096,48	blosc-lz4hc	5	1	16777216	26.1774	5
33	16384,32	blosc-lz4hc	2	1	16777216	26.9471	6
30	16384,32	blosc-lz4	2	1	16777216	27.0308	7
32	16384,32	blosc-lz4	8	1	16777216	27.7745	8
31	16384,32	blosc-lz4	5	1	16777216	28.3072	9
41	16384,32	lz4	1073741824	1	16777216	28.4256	10
39	16384,32	lz4	1048576	1	16777216	28.7281	11
10	4096,48	blosc-lz4hc	2	1	16777216	29.3292	12
27	16384,32	blosc-blosclz	2	1	16777216	30.9457	13
9	4096,48	blosc-lz4	8	1	16777216	31.1678	14
7	4096,48	blosc-lz4	2	1	16777216	31.2386	15
28	16384,32	blosc-blosclz	5	1	16777216	31.2426	16
5	4096,48	blosc-blosclz	5	1	16777216	31.429	17
17	4096,48	lz4	33554432	1	16777216	32.9168	18
8	4096,48	blosc-lz4	5	1	16777216	33.1293	19
4	4096,48	blosc-blosclz	2	1	16777216	33.1459	20
6	4096,48	blosc-blosclz	8	1	16777216	34.0232	21
40	16384,32	lz4	33554432	1	16777216	36.3575	22
15	4096,48	blosc-zstd	8	1	16777216	36.5533	23
21	4096,48	zstd	12	1	16777216	37.4787	24
20	4096,48	zstd	3	1	16777216	37.5826	25
38	16384,32	blosc-zstd	8	1	16777216	38.0929	26
37	16384,32	blosc-zstd	5	1	16777216	38.146	27
36	16384,32	blosc-zstd	2	1	16777216	38.4155	28
13	4096,48	blosc-zstd	2	1	16777216	38.8017	29
43	16384,32	zstd	3	1	16777216	39.177	30
14	4096,48	blosc-zstd	5	1	16777216	39.6178	31
44	16384,32	zstd	12	1	16777216	40.2047	32
42	16384,32	lzf	NA	1	16777216	46.0132	33
19	4096,48	lzf	NA	1	16777216	47.1792	34
16	4096,48	lz4	1048576	1	16777216	56.1104	35
24	16384,32	gzip	4	1	16777216	61.8036	36
18	4096,48	lz4	1073741824	1	16777216	62.6864	37
26	16384,32	gzip	8	1	16777216	63.421	38
3	4096,48	gzip	8	1	16777216	64.4526	39
25	16384,32	gzip	6	1	16777216	66.1146	40
2	4096,48	gzip	6	1	16777216	66.3145	41
29	16384,32	blosc-blosclz	8	1	16777216	67.7735	42
12	4096,48	blosc-lz4hc	8	1	16777216	78.4969	43
90	341,774,384	zstd	12	1	16777216	83.6546	44
89	341,774,384	zstd	3	1	16777216	84.8106	45
79	341,774,384	blosc-lz4hc	2	1	16777216	90.5188	46
96	341774, 384	uncompressed	NA	1	16777216	103.1611	47
71	341,774,384	gzip	6	1	16777216	119.4122	48
76	341,774,384	blosc-lz4	2	1	16777216	120.5716	49
83	341,774,384	blosc-zstd	5	1	16777216	127.9568	50
73	341,774,384	blosc-blosclz	2	1	16777216	131.2283	51
80	341,774,384	blosc-lz4hc	5	1	16777216	133.2234	52
82	341,774,384	blosc-zstd	2	1	16777216	133.2462	53
77	341,774,384	blosc-lz4	5	1	16777216	134.0025	54
84	341,774,384	blosc-zstd	8	1	16777216	142.0317	55
72	341,774,384	gzip	8	1	16777216	142.57	56
78	341,774,384	blosc-lz4	8	1	16777216	143.0858	57
1	4096,48	gzip	4	1	16777216	147.8521	58
70	341,774,384	gzip	4	1	16777216	150.3947	59
81	341,774,384	blosc-lz4hc	8	1	16777216	163.2189	60
75	341,774,384	blosc-blosclz	8	1	16777216	169.2191	61
85	341,774,384	lz4	1048576	1	16777216	208.2374	62
74	341,774,384	blosc-blosclz	5	1	16777216	263.684	63
88	341,774,384	lzf	NA	1	16777216	290.7976	64
95	332032, 1	uncompressed	NA	1	16777216	686.0831	65
56	332032,1	blosc-lz4hc	2	1	16777216	689.853	66
55	332032,1	blosc-lz4	8	1	16777216	692.0958	67
65	332032,1	lzf	NA	1	16777216	696.3441	68
53	332032,1	blosc-lz4	2	1	16777216	696.7819	69
58	332032,1	blosc-lz4hc	8	1	16777216	699.4521	70
66	332032,1	zstd	3	1	16777216	701.381	71
50	332032,1	blosc-blosclz	2	1	16777216	702.2042	72
52	332032,1	blosc-blosclz	8	1	16777216	702.852	73
57	332032,1	blosc-lz4hc	5	1	16777216	702.984	74
54	332032,1	blosc-lz4	5	1	16777216	703.174	75
64	332032,1	lz4	1073741824	1	16777216	703.787	76
63	332032,1	lz4	33554432	1	16777216	704.4954	77
62	332032,1	lz4	1048576	1	16777216	705.4696	78
67	332032,1	zstd	12	1	16777216	706.2083	79
59	332032,1	blosc-zstd	2	1	16777216	706.24	80
60	332032,1	blosc-zstd	5	1	16777216	707.5706	81
51	332032,1	blosc-blosclz	5	1	16777216	708.6212	82
48	332032,1	gzip	6	1	16777216	724.2522	83
47	332032,1	gzip	4	1	16777216	730.7314	84
96	341774, 384	uncompressed	NA	1	500	0.0267	1
1	4096,48	gzip	4	1	500	0.1395	2
93	4096,48	uncompressed	NA	1	500	0.1475	3
13	4096,48	blosc-zstd	2	1	500	0.1616	4
21	4096,48	zstd	12	1	500	0.1629	5
15	4096,48	blosc-zstd	8	1	500	0.1671	6
2	4096,48	gzip	6	1	500	0.1677	7
20	4096,48	zstd	3	1	500	0.1686	8
3	4096,48	gzip	8	1	500	0.1716	9
14	4096,48	blosc-zstd	5	1	500	0.1749	10
11	4096,48	blosc-lz4hc	5	1	500	0.1816	11
10	4096,48	blosc-lz4hc	2	1	500	0.1879	12
12	4096,48	blosc-lz4hc	8	1	500	0.1974	13
7	4096,48	blosc-lz4	2	1	500	0.1991	14
43	16384,32	zstd	3	1	500	0.2004	15
44	16384,32	zstd	12	1	500	0.2012	16
38	16384,32	blosc-zstd	8	1	500	0.2018	17
5	4096,48	blosc-blosclz	5	1	500	0.2058	18
37	16384,32	blosc-zstd	5	1	500	0.2061	19
17	4096,48	lz4	33554432	1	500	0.2075	20
6	4096,48	blosc-blosclz	8	1	500	0.208	21
19	4096,48	lzf	NA	1	500	0.208	22
36	16384,32	blosc-zstd	2	1	500	0.2083	23
8	4096,48	blosc-lz4	5	1	500	0.2161	24
9	4096,48	blosc-lz4	8	1	500	0.2161	25
4	4096,48	blosc-blosclz	2	1	500	0.2185	26
35	16384,32	blosc-lz4hc	8	1	500	0.2186	27
18	4096,48	lz4	1073741824	1	500	0.2197	28
16	4096,48	lz4	1048576	1	500	0.2309	29
34	16384,32	blosc-lz4hc	5	1	500	0.2402	30
41	16384,32	lz4	1073741824	1	500	0.2445	31
39	16384,32	lz4	1048576	1	500	0.2523	32
33	16384,32	blosc-lz4hc	2	1	500	0.2547	33
42	16384,32	lzf	NA	1	500	0.257	34
30	16384,32	blosc-lz4	2	1	500	0.2581	35
94	16384,32	uncompressed	NA	1	500	0.2732	36
40	16384,32	lz4	33554432	1	500	0.2764	37
32	16384,32	blosc-lz4	8	1	500	0.2931	38
26	16384,32	gzip	8	1	500	0.2965	39
31	16384,32	blosc-lz4	5	1	500	0.2969	40
24	16384,32	gzip	4	1	500	0.306	41
25	16384,32	gzip	6	1	500	0.306	42
27	16384,32	blosc-blosclz	2	1	500	0.3968	43
28	16384,32	blosc-blosclz	5	1	500	0.4142	44
29	16384,32	blosc-blosclz	8	1	500	0.4557	45
95	332032, 1	uncompressed	NA	1	500	0.5254	46
58	332032,1	blosc-lz4hc	8	1	500	0.57	47
54	332032,1	blosc-lz4	5	1	500	0.5744	48
57	332032,1	blosc-lz4hc	5	1	500	0.5931	49
55	332032,1	blosc-lz4	8	1	500	0.6091	50
64	332032,1	lz4	1073741824	1	500	0.6403	51
67	332032,1	zstd	12	1	500	0.642	52
50	332032,1	blosc-blosclz	2	1	500	0.6624	53
62	332032,1	lz4	1048576	1	500	0.6684	54
63	332032,1	lz4	33554432	1	500	0.6686	55
66	332032,1	zstd	3	1	500	0.6764	56
53	332032,1	blosc-lz4	2	1	500	0.6871	57
51	332032,1	blosc-blosclz	5	1	500	0.6961	58
52	332032,1	blosc-blosclz	8	1	500	0.6975	59
60	332032,1	blosc-zstd	5	1	500	0.6983	60
56	332032,1	blosc-lz4hc	2	1	500	0.7219	61
59	332032,1	blosc-zstd	2	1	500	0.7539	62
65	332032,1	lzf	NA	1	500	0.7725	63
47	332032,1	gzip	4	1	500	1.1591	64
48	332032,1	gzip	6	1	500	1.3229	65
90	341,774,384	zstd	12	1	500	2.1581	66
89	341,774,384	zstd	3	1	500	2.21	67
79	341,774,384	blosc-lz4hc	2	1	500	2.3371	68
71	341,774,384	gzip	6	1	500	2.5035	69
76	341,774,384	blosc-lz4	2	1	500	2.943	70
72	341,774,384	gzip	8	1	500	3.0105	71
73	341,774,384	blosc-blosclz	2	1	500	3.1062	72
77	341,774,384	blosc-lz4	5	1	500	3.1155	73
75	341,774,384	blosc-blosclz	8	1	500	3.134	74
78	341,774,384	blosc-lz4	8	1	500	3.2063	75
83	341,774,384	blosc-zstd	5	1	500	3.627	76
82	341,774,384	blosc-zstd	2	1	500	3.6998	77
70	341,774,384	gzip	4	1	500	3.8006	78
84	341,774,384	blosc-zstd	8	1	500	3.8836	79
81	341,774,384	blosc-lz4hc	8	1	500	4.4645	80
80	341,774,384	blosc-lz4hc	5	1	500	4.5236	81
74	341,774,384	blosc-blosclz	5	1	500	5.3788	82
88	341,774,384	lzf	NA	1	500	7.5232	83
85	341,774,384	lz4	1048576	1	500	7.8527	84
96	341774, 384	uncompressed	NA	1	8000	0.1349	1
1	4096,48	gzip	4	1	8000	0.1797	2
93	4096,48	uncompressed	NA	1	8000	0.1822	3
13	4096,48	blosc-zstd	2	1	8000	0.1998	4
21	4096,48	zstd	12	1	8000	0.1998	5
14	4096,48	blosc-zstd	5	1	8000	0.2014	6
20	4096,48	zstd	3	1	8000	0.2017	7
15	4096,48	blosc-zstd	8	1	8000	0.2019	8
38	16384,32	blosc-zstd	8	1	8000	0.2069	9
43	16384,32	zstd	3	1	8000	0.2102	10
3	4096,48	gzip	8	1	8000	0.2104	11
44	16384,32	zstd	12	1	8000	0.2117	12
37	16384,32	blosc-zstd	5	1	8000	0.2136	13
2	4096,48	gzip	6	1	8000	0.2144	14
36	16384,32	blosc-zstd	2	1	8000	0.2223	15
35	16384,32	blosc-lz4hc	8	1	8000	0.2225	16
11	4096,48	blosc-lz4hc	5	1	8000	0.223	17
10	4096,48	blosc-lz4hc	2	1	8000	0.2338	18
34	16384,32	blosc-lz4hc	5	1	8000	0.2493	19
19	4096,48	lzf	NA	1	8000	0.2495	20
12	4096,48	blosc-lz4hc	8	1	8000	0.2502	21
7	4096,48	blosc-lz4	2	1	8000	0.2553	22
17	4096,48	lz4	33554432	1	8000	0.2579	23
8	4096,48	blosc-lz4	5	1	8000	0.2615	24
6	4096,48	blosc-blosclz	8	1	8000	0.263	25
41	16384,32	lz4	1073741824	1	8000	0.2634	26
5	4096,48	blosc-blosclz	5	1	8000	0.2637	27
9	4096,48	blosc-lz4	8	1	8000	0.2652	28
33	16384,32	blosc-lz4hc	2	1	8000	0.2749	29
4	4096,48	blosc-blosclz	2	1	8000	0.2765	30
39	16384,32	lz4	1048576	1	8000	0.2765	31
42	16384,32	lzf	NA	1	8000	0.281	32
94	16384,32	uncompressed	NA	1	8000	0.2821	33
30	16384,32	blosc-lz4	2	1	8000	0.2854	34
18	4096,48	lz4	1073741824	1	8000	0.3002	35
24	16384,32	gzip	4	1	8000	0.3042	36
32	16384,32	blosc-lz4	8	1	8000	0.3051	37
16	4096,48	lz4	1048576	1	8000	0.3058	38
31	16384,32	blosc-lz4	5	1	8000	0.3086	39
25	16384,32	gzip	6	1	8000	0.3159	40
26	16384,32	gzip	8	1	8000	0.3205	41
40	16384,32	lz4	33554432	1	8000	0.3254	42
27	16384,32	blosc-blosclz	2	1	8000	0.4162	43
28	16384,32	blosc-blosclz	5	1	8000	0.4421	44
29	16384,32	blosc-blosclz	8	1	8000	0.4925	45
95	332032, 1	uncompressed	NA	1	8000	0.5791	46
54	332032,1	blosc-lz4	5	1	8000	0.6369	47
63	332032,1	lz4	33554432	1	8000	0.6494	48
62	332032,1	lz4	1048576	1	8000	0.6539	49
50	332032,1	blosc-blosclz	2	1	8000	0.6612	50
58	332032,1	blosc-lz4hc	8	1	8000	0.6654	51
64	332032,1	lz4	1073741824	1	8000	0.6718	52
57	332032,1	blosc-lz4hc	5	1	8000	0.6743	53
55	332032,1	blosc-lz4	8	1	8000	0.6791	54
67	332032,1	zstd	12	1	8000	0.6885	55
66	332032,1	zstd	3	1	8000	0.7475	56
52	332032,1	blosc-blosclz	8	1	8000	0.7538	57
53	332032,1	blosc-lz4	2	1	8000	0.7567	58
51	332032,1	blosc-blosclz	5	1	8000	0.7596	59
60	332032,1	blosc-zstd	5	1	8000	0.7763	60
65	332032,1	lzf	NA	1	8000	0.8458	61
59	332032,1	blosc-zstd	2	1	8000	0.8516	62
56	332032,1	blosc-lz4hc	2	1	8000	0.8783	63
47	332032,1	gzip	4	1	8000	1.1804	64
48	332032,1	gzip	6	1	8000	1.3236	65
90	341,774,384	zstd	12	1	8000	2.0714	66
89	341,774,384	zstd	3	1	8000	2.1251	67
79	341,774,384	blosc-lz4hc	2	1	8000	2.4074	68
71	341,774,384	gzip	6	1	8000	2.8109	69
76	341,774,384	blosc-lz4	2	1	8000	3.1172	70
77	341,774,384	blosc-lz4	5	1	8000	3.2452	71
78	341,774,384	blosc-lz4	8	1	8000	3.3618	72
75	341,774,384	blosc-blosclz	8	1	8000	3.3783	73
83	341,774,384	blosc-zstd	5	1	8000	3.6098	74
72	341,774,384	gzip	8	1	8000	3.6354	75
82	341,774,384	blosc-zstd	2	1	8000	3.6608	76
73	341,774,384	blosc-blosclz	2	1	8000	3.7072	77
70	341,774,384	gzip	4	1	8000	3.8145	78
84	341,774,384	blosc-zstd	8	1	8000	3.9665	79
81	341,774,384	blosc-lz4hc	8	1	8000	4.4168	80
80	341,774,384	blosc-lz4hc	5	1	8000	4.4833	81
74	341,774,384	blosc-blosclz	5	1	8000	5.3198	82
88	341,774,384	lzf	NA	1	8000	7.8035	83
85	341,774,384	lz4	1048576	1	8000	8.1256	84
66	332032,1	zstd	3	2	16777216	10.2905	1
60	332032,1	blosc-zstd	5	2	16777216	10.9283	2
59	332032,1	blosc-zstd	2	2	16777216	11.5843	3
67	332032,1	zstd	12	2	16777216	11.6575	4
51	332032,1	blosc-blosclz	5	2	16777216	12.0828	5
52	332032,1	blosc-blosclz	8	2	16777216	12.131	6
93	4096,48	uncompressed	NA	2	16777216	12.6668	7
53	332032,1	blosc-lz4	2	2	16777216	13.5079	8
58	332032,1	blosc-lz4hc	8	2	16777216	13.5197	9
57	332032,1	blosc-lz4hc	5	2	16777216	13.7368	10
56	332032,1	blosc-lz4hc	2	2	16777216	13.7759	11
65	332032,1	lzf	NA	2	16777216	13.9024	12
95	332032, 1	uncompressed	NA	2	16777216	13.9989	13
64	332032,1	lz4	1073741824	2	16777216	14.2105	14
50	332032,1	blosc-blosclz	2	2	16777216	14.72	15
63	332032,1	lz4	33554432	2	16777216	15.2229	16
62	332032,1	lz4	1048576	2	16777216	15.4471	17
55	332032,1	blosc-lz4	8	2	16777216	15.7432	18
54	332032,1	blosc-lz4	5	2	16777216	15.9882	19
94	16384,32	uncompressed	NA	2	16777216	18.3173	20
4	4096,48	blosc-blosclz	2	2	16777216	23.5314	21
96	341774, 384	uncompressed	NA	2	16777216	27.2669	22
47	332032,1	gzip	4	2	16777216	35.3422	23
27	16384,32	blosc-blosclz	2	2	16777216	37.4659	24
48	332032,1	gzip	6	2	16777216	38.5146	25
36	16384,32	blosc-zstd	2	2	16777216	38.7123	26
43	16384,32	zstd	3	2	16777216	52.3151	27
33	16384,32	blosc-lz4hc	2	2	16777216	54.1029	28
44	16384,32	zstd	12	2	16777216	58.009	29
38	16384,32	blosc-zstd	8	2	16777216	61.8954	30
37	16384,32	blosc-zstd	5	2	16777216	62.4711	31
35	16384,32	blosc-lz4hc	8	2	16777216	66.2344	32
34	16384,32	blosc-lz4hc	5	2	16777216	66.8273	33
25	16384,32	gzip	6	2	16777216	72.0718	34
30	16384,32	blosc-lz4	2	2	16777216	73.8152	35
26	16384,32	gzip	8	2	16777216	74.6661	36
41	16384,32	lz4	1073741824	2	16777216	75.6995	37
39	16384,32	lz4	1048576	2	16777216	77.1395	38
90	341,774,384	zstd	12	2	16777216	81.3578	39
5	4096,48	blosc-blosclz	5	2	16777216	82.5273	40
42	16384,32	lzf	NA	2	16777216	84.3563	41
89	341,774,384	zstd	3	2	16777216	85.1294	42
40	16384,32	lz4	33554432	2	16777216	91.5855	43
24	16384,32	gzip	4	2	16777216	91.7221	44
31	16384,32	blosc-lz4	5	2	16777216	96.2233	45
13	4096,48	blosc-zstd	2	2	16777216	97.3061	46
2	4096,48	gzip	6	2	16777216	100.9024	47
79	341,774,384	blosc-lz4hc	2	2	16777216	101.6875	48
21	4096,48	zstd	12	2	16777216	101.9521	49
32	16384,32	blosc-lz4	8	2	16777216	102.5574	50
14	4096,48	blosc-zstd	5	2	16777216	102.9649	51
3	4096,48	gzip	8	2	16777216	103.7666	52
20	4096,48	zstd	3	2	16777216	107.0372	53
15	4096,48	blosc-zstd	8	2	16777216	108.1456	54
85	341,774,384	lz4	1048576	2	16777216	112.7679	55
73	341,774,384	blosc-blosclz	2	2	16777216	114.6486	56
28	16384,32	blosc-blosclz	5	2	16777216	115.037	57
71	341,774,384	gzip	6	2	16777216	116.1619	58
88	341,774,384	lzf	NA	2	16777216	120.7283	59
10	4096,48	blosc-lz4hc	2	2	16777216	123.4341	60
76	341,774,384	blosc-lz4	2	2	16777216	126.5018	61
8	4096,48	blosc-lz4	5	2	16777216	127.5135	62
9	4096,48	blosc-lz4	8	2	16777216	129.7694	63
74	341,774,384	blosc-blosclz	5	2	16777216	132.3195	64
11	4096,48	blosc-lz4hc	5	2	16777216	132.3666	65
83	341,774,384	blosc-zstd	5	2	16777216	132.672	66
75	341,774,384	blosc-blosclz	8	2	16777216	132.8485	67
78	341,774,384	blosc-lz4	8	2	16777216	133.8258	68
82	341,774,384	blosc-zstd	2	2	16777216	136.2509	69
7	4096,48	blosc-lz4	2	2	16777216	140.0924	70
19	4096,48	lzf	NA	2	16777216	140.6407	71
77	341,774,384	blosc-lz4	5	2	16777216	142.7283	72
84	341,774,384	blosc-zstd	8	2	16777216	145.6458	73
17	4096,48	lz4	33554432	2	16777216	145.7963	74
70	341,774,384	gzip	4	2	16777216	148.7628	75
6	4096,48	blosc-blosclz	8	2	16777216	162.9922	76
72	341,774,384	gzip	8	2	16777216	167.2976	77
29	16384,32	blosc-blosclz	8	2	16777216	168.6572	78
81	341,774,384	blosc-lz4hc	8	2	16777216	170.3905	79
80	341,774,384	blosc-lz4hc	5	2	16777216	171.0009	80
16	4096,48	lz4	1048576	2	16777216	202.7182	81
18	4096,48	lz4	1073741824	2	16777216	204.8964	82
12	4096,48	blosc-lz4hc	8	2	16777216	228.9943	83
1	4096,48	gzip	4	2	16777216	354.5928	84
1	4096,48	gzip	4	2	500	0.0435	1
21	4096,48	zstd	12	2	500	0.0472	2
14	4096,48	blosc-zstd	5	2	500	0.0491	3
13	4096,48	blosc-zstd	2	2	500	0.0495	4
20	4096,48	zstd	3	2	500	0.0504	5
93	4096,48	uncompressed	NA	2	500	0.0512	6
3	4096,48	gzip	8	2	500	0.0524	7
15	4096,48	blosc-zstd	8	2	500	0.0527	8
11	4096,48	blosc-lz4hc	5	2	500	0.0536	9
10	4096,48	blosc-lz4hc	2	2	500	0.0545	10
2	4096,48	gzip	6	2	500	0.055	11
96	341774, 384	uncompressed	NA	2	500	0.0565	12
19	4096,48	lzf	NA	2	500	0.058	13
7	4096,48	blosc-lz4	2	2	500	0.0583	14
5	4096,48	blosc-blosclz	5	2	500	0.0604	15
17	4096,48	lz4	33554432	2	500	0.0608	16
37	16384,32	blosc-zstd	5	2	500	0.0612	17
38	16384,32	blosc-zstd	8	2	500	0.0614	18
12	4096,48	blosc-lz4hc	8	2	500	0.0617	19
8	4096,48	blosc-lz4	5	2	500	0.0619	20
43	16384,32	zstd	3	2	500	0.0619	21
18	4096,48	lz4	1073741824	2	500	0.0623	22
9	4096,48	blosc-lz4	8	2	500	0.0625	23
36	16384,32	blosc-zstd	2	2	500	0.0636	24
44	16384,32	zstd	12	2	500	0.0638	25
6	4096,48	blosc-blosclz	8	2	500	0.064	26
4	4096,48	blosc-blosclz	2	2	500	0.0658	27
16	4096,48	lz4	1048576	2	500	0.0672	28
35	16384,32	blosc-lz4hc	8	2	500	0.0685	29
34	16384,32	blosc-lz4hc	5	2	500	0.0693	30
33	16384,32	blosc-lz4hc	2	2	500	0.0712	31
24	16384,32	gzip	4	2	500	0.0741	32
41	16384,32	lz4	1073741824	2	500	0.0761	33
42	16384,32	lzf	NA	2	500	0.0765	34
26	16384,32	gzip	8	2	500	0.0777	35
25	16384,32	gzip	6	2	500	0.0781	36
30	16384,32	blosc-lz4	2	2	500	0.0796	37
40	16384,32	lz4	33554432	2	500	0.0803	38
39	16384,32	lz4	1048576	2	500	0.0806	39
94	16384,32	uncompressed	NA	2	500	0.0836	40
31	16384,32	blosc-lz4	5	2	500	0.0886	41
32	16384,32	blosc-lz4	8	2	500	0.0907	42
28	16384,32	blosc-blosclz	5	2	500	0.1088	43
29	16384,32	blosc-blosclz	8	2	500	0.1094	44
27	16384,32	blosc-blosclz	2	2	500	0.1132	45
59	332032,1	blosc-zstd	2	2	500	0.1957	46
60	332032,1	blosc-zstd	5	2	500	0.1962	47
66	332032,1	zstd	3	2	500	0.2121	48
67	332032,1	zstd	12	2	500	0.2158	49
58	332032,1	blosc-lz4hc	8	2	500	0.2197	50
57	332032,1	blosc-lz4hc	5	2	500	0.2208	51
95	332032, 1	uncompressed	NA	2	500	0.2339	52
53	332032,1	blosc-lz4	2	2	500	0.2518	53
56	332032,1	blosc-lz4hc	2	2	500	0.2587	54
52	332032,1	blosc-blosclz	8	2	500	0.2603	55
54	332032,1	blosc-lz4	5	2	500	0.2634	56
51	332032,1	blosc-blosclz	5	2	500	0.266	57
50	332032,1	blosc-blosclz	2	2	500	0.2668	58
65	332032,1	lzf	NA	2	500	0.2724	59
55	332032,1	blosc-lz4	8	2	500	0.2776	60
64	332032,1	lz4	1073741824	2	500	0.2784	61
63	332032,1	lz4	33554432	2	500	0.2917	62
62	332032,1	lz4	1048576	2	500	0.2949	63
48	332032,1	gzip	6	2	500	0.6239	64
47	332032,1	gzip	4	2	500	0.6296	65
90	341,774,384	zstd	12	2	500	2.1612	66
89	341,774,384	zstd	3	2	500	2.2646	67
79	341,774,384	blosc-lz4hc	2	2	500	2.3789	68
71	341,774,384	gzip	6	2	500	2.6011	69
85	341,774,384	lz4	1048576	2	500	2.7831	70
88	341,774,384	lzf	NA	2	500	2.9378	71
76	341,774,384	blosc-lz4	2	2	500	2.9919	72
77	341,774,384	blosc-lz4	5	2	500	3.1679	73
75	341,774,384	blosc-blosclz	8	2	500	3.2326	74
78	341,774,384	blosc-lz4	8	2	500	3.3003	75
73	341,774,384	blosc-blosclz	2	2	500	3.3764	76
83	341,774,384	blosc-zstd	5	2	500	3.5638	77
72	341,774,384	gzip	8	2	500	3.6241	78
74	341,774,384	blosc-blosclz	5	2	500	3.6464	79
82	341,774,384	blosc-zstd	2	2	500	3.6537	80
84	341,774,384	blosc-zstd	8	2	500	4.0023	81
70	341,774,384	gzip	4	2	500	4.0071	82
81	341,774,384	blosc-lz4hc	8	2	500	4.4125	83
80	341,774,384	blosc-lz4hc	5	2	500	4.4963	84
38	16384,32	blosc-zstd	8	2	8000	0.0756	1
37	16384,32	blosc-zstd	5	2	8000	0.076	2
43	16384,32	zstd	3	2	8000	0.077	3
44	16384,32	zstd	12	2	8000	0.0783	4
36	16384,32	blosc-zstd	2	2	8000	0.0804	5
34	16384,32	blosc-lz4hc	5	2	8000	0.0848	6
35	16384,32	blosc-lz4hc	8	2	8000	0.086	7
96	341774, 384	uncompressed	NA	2	8000	0.0884	8
33	16384,32	blosc-lz4hc	2	2	8000	0.093	9
24	16384,32	gzip	4	2	8000	0.0958	10
25	16384,32	gzip	6	2	8000	0.0985	11
41	16384,32	lz4	1073741824	2	8000	0.0989	12
26	16384,32	gzip	8	2	8000	0.0992	13
42	16384,32	lzf	NA	2	8000	0.0994	14
40	16384,32	lz4	33554432	2	8000	0.1035	15
30	16384,32	blosc-lz4	2	2	8000	0.1037	16
39	16384,32	lz4	1048576	2	8000	0.1046	17
32	16384,32	blosc-lz4	8	2	8000	0.113	18
94	16384,32	uncompressed	NA	2	8000	0.1146	19
1	4096,48	gzip	4	2	8000	0.115	20
31	16384,32	blosc-lz4	5	2	8000	0.1168	21
21	4096,48	zstd	12	2	8000	0.123	22
93	4096,48	uncompressed	NA	2	8000	0.1234	23
3	4096,48	gzip	8	2	8000	0.1247	24
13	4096,48	blosc-zstd	2	2	8000	0.1247	25
14	4096,48	blosc-zstd	5	2	8000	0.1251	26
15	4096,48	blosc-zstd	8	2	8000	0.128	27
20	4096,48	zstd	3	2	8000	0.1293	28
2	4096,48	gzip	6	2	8000	0.1294	29
11	4096,48	blosc-lz4hc	5	2	8000	0.1411	30
10	4096,48	blosc-lz4hc	2	2	8000	0.1426	31
7	4096,48	blosc-lz4	2	2	8000	0.1474	32
19	4096,48	lzf	NA	2	8000	0.1503	33
28	16384,32	blosc-blosclz	5	2	8000	0.1509	34
27	16384,32	blosc-blosclz	2	2	8000	0.1543	35
29	16384,32	blosc-blosclz	8	2	8000	0.155	36
8	4096,48	blosc-lz4	5	2	8000	0.1564	37
9	4096,48	blosc-lz4	8	2	8000	0.1568	38
17	4096,48	lz4	33554432	2	8000	0.1569	39
4	4096,48	blosc-blosclz	2	2	8000	0.1595	40
5	4096,48	blosc-blosclz	5	2	8000	0.1619	41
6	4096,48	blosc-blosclz	8	2	8000	0.1633	42
18	4096,48	lz4	1073741824	2	8000	0.1673	43
12	4096,48	blosc-lz4hc	8	2	8000	0.171	44
16	4096,48	lz4	1048576	2	8000	0.1769	45
60	332032,1	blosc-zstd	5	2	8000	0.1911	46
59	332032,1	blosc-zstd	2	2	8000	0.1981	47
67	332032,1	zstd	12	2	8000	0.2092	48
66	332032,1	zstd	3	2	8000	0.2112	49
52	332032,1	blosc-blosclz	8	2	8000	0.2195	50
57	332032,1	blosc-lz4hc	5	2	8000	0.2249	51
58	332032,1	blosc-lz4hc	8	2	8000	0.2253	52
51	332032,1	blosc-blosclz	5	2	8000	0.2293	53
95	332032, 1	uncompressed	NA	2	8000	0.23	54
56	332032,1	blosc-lz4hc	2	2	8000	0.238	55
53	332032,1	blosc-lz4	2	2	8000	0.245	56
50	332032,1	blosc-blosclz	2	2	8000	0.2489	57
54	332032,1	blosc-lz4	5	2	8000	0.2705	58
55	332032,1	blosc-lz4	8	2	8000	0.2731	59
65	332032,1	lzf	NA	2	8000	0.274	60
64	332032,1	lz4	1073741824	2	8000	0.2751	61
63	332032,1	lz4	33554432	2	8000	0.2837	62
62	332032,1	lz4	1048576	2	8000	0.2858	63
48	332032,1	gzip	6	2	8000	0.5967	64
47	332032,1	gzip	4	2	8000	0.6067	65
90	341,774,384	zstd	12	2	8000	2.1886	66
89	341,774,384	zstd	3	2	8000	2.2653	67
79	341,774,384	blosc-lz4hc	2	2	8000	2.3935	68
71	341,774,384	gzip	6	2	8000	2.6187	69
85	341,774,384	lz4	1048576	2	8000	2.8399	70
88	341,774,384	lzf	NA	2	8000	2.9596	71
76	341,774,384	blosc-lz4	2	2	8000	3.1634	72
75	341,774,384	blosc-blosclz	8	2	8000	3.3335	73
78	341,774,384	blosc-lz4	8	2	8000	3.3404	74
77	341,774,384	blosc-lz4	5	2	8000	3.3687	75
74	341,774,384	blosc-blosclz	5	2	8000	3.3904	76
73	341,774,384	blosc-blosclz	2	2	8000	3.4095	77
83	341,774,384	blosc-zstd	5	2	8000	3.5918	78
82	341,774,384	blosc-zstd	2	2	8000	3.685	79
70	341,774,384	gzip	4	2	8000	3.9755	80
72	341,774,384	gzip	8	2	8000	4.0976	81
84	341,774,384	blosc-zstd	8	2	8000	4.1449	82
80	341,774,384	blosc-lz4hc	5	2	8000	4.5569	83
81	341,774,384	blosc-lz4hc	8	2	8000	4.5845	84
66	332032,1	zstd	3	3	16777216	1.7689	1
59	332032,1	blosc-zstd	2	3	16777216	1.7975	2
48	332032,1	gzip	6	3	16777216	1.9431	3
47	332032,1	gzip	4	3	16777216	1.9565	4
67	332032,1	zstd	12	3	16777216	2.028	5
57	332032,1	blosc-lz4hc	5	3	16777216	2.1399	6
60	332032,1	blosc-zstd	5	3	16777216	2.187	7
58	332032,1	blosc-lz4hc	8	3	16777216	2.2412	8
51	332032,1	blosc-blosclz	5	3	16777216	2.4305	9
50	332032,1	blosc-blosclz	2	3	16777216	2.5235	10
65	332032,1	lzf	NA	3	16777216	2.5903	11
52	332032,1	blosc-blosclz	8	3	16777216	2.5985	12
53	332032,1	blosc-lz4	2	3	16777216	2.6347	13
64	332032,1	lz4	1073741824	3	16777216	2.6525	14
95	332032, 1	uncompressed	NA	3	16777216	2.6984	15
63	332032,1	lz4	33554432	3	16777216	2.9184	16
56	332032,1	blosc-lz4hc	2	3	16777216	2.9217	17
62	332032,1	lz4	1048576	3	16777216	2.9888	18
54	332032,1	blosc-lz4	5	3	16777216	3.1141	19
55	332032,1	blosc-lz4	8	3	16777216	3.545	20
94	16384,32	uncompressed	NA	3	16777216	4.864	21
27	16384,32	blosc-blosclz	2	3	16777216	10.074	22
93	4096,48	uncompressed	NA	3	16777216	10.6252	23
4	4096,48	blosc-blosclz	2	3	16777216	20.5133	24
36	16384,32	blosc-zstd	2	3	16777216	22.5847	25
96	341774, 384	uncompressed	NA	3	16777216	26.4024	26
43	16384,32	zstd	3	3	16777216	33.0537	27
38	16384,32	blosc-zstd	8	3	16777216	34.3318	28
44	16384,32	zstd	12	3	16777216	34.7103	29
37	16384,32	blosc-zstd	5	3	16777216	36.8844	30
34	16384,32	blosc-lz4hc	5	3	16777216	37.5583	31
35	16384,32	blosc-lz4hc	8	3	16777216	39.217	32
33	16384,32	blosc-lz4hc	2	3	16777216	40.2498	33
25	16384,32	gzip	6	3	16777216	41.9247	34
30	16384,32	blosc-lz4	2	3	16777216	44.199	35
26	16384,32	gzip	8	3	16777216	45.265	36
41	16384,32	lz4	1073741824	3	16777216	47.8862	37
39	16384,32	lz4	1048576	3	16777216	48.4091	38
24	16384,32	gzip	4	3	16777216	48.7322	39
42	16384,32	lzf	NA	3	16777216	49.3251	40
32	16384,32	blosc-lz4	8	3	16777216	53.0465	41
31	16384,32	blosc-lz4	5	3	16777216	57.4762	42
40	16384,32	lz4	33554432	3	16777216	57.7709	43
5	4096,48	blosc-blosclz	5	3	16777216	71.1834	44
28	16384,32	blosc-blosclz	5	3	16777216	71.2788	45
84	341,774,384	blosc-zstd	8	3	16777216	74.8217	46
89	341,774,384	zstd	3	3	16777216	82.9446	47
90	341,774,384	zstd	12	3	16777216	84.4203	48
3	4096,48	gzip	8	3	16777216	90.344	49
29	16384,32	blosc-blosclz	8	3	16777216	94.9986	50
21	4096,48	zstd	12	3	16777216	95.7319	51
13	4096,48	blosc-zstd	2	3	16777216	99.0737	52
2	4096,48	gzip	6	3	16777216	99.4248	53
20	4096,48	zstd	3	3	16777216	99.6801	54
15	4096,48	blosc-zstd	8	3	16777216	100.4133	55
14	4096,48	blosc-zstd	5	3	16777216	102.5729	56
71	341,774,384	gzip	6	3	16777216	105.062	57
79	341,774,384	blosc-lz4hc	2	3	16777216	106.2596	58
72	341,774,384	gzip	8	3	16777216	106.6081	59
74	341,774,384	blosc-blosclz	5	3	16777216	116.8497	60
85	341,774,384	lz4	1048576	3	16777216	117.4446	61
8	4096,48	blosc-lz4	5	3	16777216	122.3569	62
9	4096,48	blosc-lz4	8	3	16777216	122.4514	63
11	4096,48	blosc-lz4hc	5	3	16777216	124.2339	64
10	4096,48	blosc-lz4hc	2	3	16777216	124.4694	65
88	341,774,384	lzf	NA	3	16777216	127.2375	66
76	341,774,384	blosc-lz4	2	3	16777216	132.1094	67
75	341,774,384	blosc-blosclz	8	3	16777216	133.5007	68
83	341,774,384	blosc-zstd	5	3	16777216	135.9687	69
82	341,774,384	blosc-zstd	2	3	16777216	137.0237	70
73	341,774,384	blosc-blosclz	2	3	16777216	139.656	71
19	4096,48	lzf	NA	3	16777216	139.8266	72
7	4096,48	blosc-lz4	2	3	16777216	144.0176	73
17	4096,48	lz4	33554432	3	16777216	146.6349	74
78	341,774,384	blosc-lz4	8	3	16777216	149.608	75
6	4096,48	blosc-blosclz	8	3	16777216	151.5492	76
70	341,774,384	gzip	4	3	16777216	154.3294	77
12	4096,48	blosc-lz4hc	8	3	16777216	163.1875	78
77	341,774,384	blosc-lz4	5	3	16777216	183.394	79
80	341,774,384	blosc-lz4hc	5	3	16777216	184.6523	80
81	341,774,384	blosc-lz4hc	8	3	16777216	186.857	81
18	4096,48	lz4	1073741824	3	16777216	218.8195	82
16	4096,48	lz4	1048576	3	16777216	224.8138	83
1	4096,48	gzip	4	3	16777216	244.3907	84
21	4096,48	zstd	12	3	500	0.0255	1
14	4096,48	blosc-zstd	5	3	500	0.0266	2
3	4096,48	gzip	8	3	500	0.0267	3
15	4096,48	blosc-zstd	8	3	500	0.0277	4
20	4096,48	zstd	3	3	500	0.0279	5
1	4096,48	gzip	4	3	500	0.0288	6
13	4096,48	blosc-zstd	2	3	500	0.029	7
2	4096,48	gzip	6	3	500	0.0294	8
38	16384,32	blosc-zstd	8	3	500	0.0295	9
67	332032,1	zstd	12	3	500	0.0306	10
44	16384,32	zstd	12	3	500	0.0314	11
11	4096,48	blosc-lz4hc	5	3	500	0.0315	12
66	332032,1	zstd	3	3	500	0.0318	13
37	16384,32	blosc-zstd	5	3	500	0.0319	14
36	16384,32	blosc-zstd	2	3	500	0.033	15
43	16384,32	zstd	3	3	500	0.0335	16
10	4096,48	blosc-lz4hc	2	3	500	0.034	17
19	4096,48	lzf	NA	3	500	0.0342	18
17	4096,48	lz4	33554432	3	500	0.0343	19
60	332032,1	blosc-zstd	5	3	500	0.036	20
59	332032,1	blosc-zstd	2	3	500	0.0365	21
24	16384,32	gzip	4	3	500	0.0368	22
35	16384,32	blosc-lz4hc	8	3	500	0.0374	23
93	4096,48	uncompressed	NA	3	500	0.0377	24
18	4096,48	lz4	1073741824	3	500	0.0381	25
7	4096,48	blosc-lz4	2	3	500	0.0388	26
26	16384,32	gzip	8	3	500	0.0389	27
8	4096,48	blosc-lz4	5	3	500	0.039	28
48	332032,1	gzip	6	3	500	0.039	29
34	16384,32	blosc-lz4hc	5	3	500	0.0399	30
6	4096,48	blosc-blosclz	8	3	500	0.04	31
12	4096,48	blosc-lz4hc	8	3	500	0.0404	32
47	332032,1	gzip	4	3	500	0.0405	33
58	332032,1	blosc-lz4hc	8	3	500	0.0405	34
33	16384,32	blosc-lz4hc	2	3	500	0.0411	35
52	332032,1	blosc-blosclz	8	3	500	0.0415	36
25	16384,32	gzip	6	3	500	0.0417	37
51	332032,1	blosc-blosclz	5	3	500	0.042	38
9	4096,48	blosc-lz4	8	3	500	0.0426	39
57	332032,1	blosc-lz4hc	5	3	500	0.0428	40
64	332032,1	lz4	1073741824	3	500	0.043	41
5	4096,48	blosc-blosclz	5	3	500	0.0442	42
65	332032,1	lzf	NA	3	500	0.0451	43
4	4096,48	blosc-blosclz	2	3	500	0.0453	44
42	16384,32	lzf	NA	3	500	0.0455	45
53	332032,1	blosc-lz4	2	3	500	0.0458	46
41	16384,32	lz4	1073741824	3	500	0.0462	47
63	332032,1	lz4	33554432	3	500	0.0466	48
95	332032, 1	uncompressed	NA	3	500	0.0466	49
39	16384,32	lz4	1048576	3	500	0.0467	50
56	332032,1	blosc-lz4hc	2	3	500	0.0471	51
62	332032,1	lz4	1048576	3	500	0.0471	52
50	332032,1	blosc-blosclz	2	3	500	0.0475	53
40	16384,32	lz4	33554432	3	500	0.0493	54
30	16384,32	blosc-lz4	2	3	500	0.0494	55
55	332032,1	blosc-lz4	8	3	500	0.05	56
16	4096,48	lz4	1048576	3	500	0.0505	57
54	332032,1	blosc-lz4	5	3	500	0.0511	58
94	16384,32	uncompressed	NA	3	500	0.0522	59
32	16384,32	blosc-lz4	8	3	500	0.0535	60
31	16384,32	blosc-lz4	5	3	500	0.054	61
29	16384,32	blosc-blosclz	8	3	500	0.0643	62
28	16384,32	blosc-blosclz	5	3	500	0.0673	63
27	16384,32	blosc-blosclz	2	3	500	0.0676	64
96	341774, 384	uncompressed	NA	3	500	0.068	65
84	341,774,384	blosc-zstd	8	3	500	1.9421	66
90	341,774,384	zstd	12	3	500	2.2289	67
89	341,774,384	zstd	3	3	500	2.3016	68
79	341,774,384	blosc-lz4hc	2	3	500	2.407	69
72	341,774,384	gzip	8	3	500	2.7245	70
71	341,774,384	gzip	6	3	500	2.7504	71
85	341,774,384	lz4	1048576	3	500	2.7911	72
88	341,774,384	lzf	NA	3	500	2.8972	73
74	341,774,384	blosc-blosclz	5	3	500	3.2154	74
73	341,774,384	blosc-blosclz	2	3	500	3.3733	75
76	341,774,384	blosc-lz4	2	3	500	3.5064	76
83	341,774,384	blosc-zstd	5	3	500	3.5833	77
75	341,774,384	blosc-blosclz	8	3	500	3.6185	78
78	341,774,384	blosc-lz4	8	3	500	3.7033	79
82	341,774,384	blosc-zstd	2	3	500	3.7748	80
70	341,774,384	gzip	4	3	500	3.9115	81
77	341,774,384	blosc-lz4	5	3	500	3.9162	82
81	341,774,384	blosc-lz4hc	8	3	500	4.6487	83
80	341,774,384	blosc-lz4hc	5	3	500	4.661	84
67	332032,1	zstd	12	3	8000	0.027	1
66	332032,1	zstd	3	3	8000	0.0279	2
59	332032,1	blosc-zstd	2	3	8000	0.0302	3
60	332032,1	blosc-zstd	5	3	8000	0.0331	4
47	332032,1	gzip	4	3	8000	0.0345	5
58	332032,1	blosc-lz4hc	8	3	8000	0.0347	6
48	332032,1	gzip	6	3	8000	0.0359	7
57	332032,1	blosc-lz4hc	5	3	8000	0.0362	8
52	332032,1	blosc-blosclz	8	3	8000	0.0371	9
38	16384,32	blosc-zstd	8	3	8000	0.0382	10
51	332032,1	blosc-blosclz	5	3	8000	0.0393	11
43	16384,32	zstd	3	3	8000	0.0409	12
44	16384,32	zstd	12	3	8000	0.0411	13
37	16384,32	blosc-zstd	5	3	8000	0.0418	14
36	16384,32	blosc-zstd	2	3	8000	0.0425	15
64	332032,1	lz4	1073741824	3	8000	0.0426	16
65	332032,1	lzf	NA	3	8000	0.0426	17
56	332032,1	blosc-lz4hc	2	3	8000	0.0427	18
63	332032,1	lz4	33554432	3	8000	0.0428	19
53	332032,1	blosc-lz4	2	3	8000	0.0435	20
62	332032,1	lz4	1048576	3	8000	0.0436	21
50	332032,1	blosc-blosclz	2	3	8000	0.0448	22
55	332032,1	blosc-lz4	8	3	8000	0.0465	23
95	332032, 1	uncompressed	NA	3	8000	0.047	24
54	332032,1	blosc-lz4	5	3	8000	0.0476	25
35	16384,32	blosc-lz4hc	8	3	8000	0.0493	26
34	16384,32	blosc-lz4hc	5	3	8000	0.0495	27
24	16384,32	gzip	4	3	8000	0.0513	28
33	16384,32	blosc-lz4hc	2	3	8000	0.0523	29
25	16384,32	gzip	6	3	8000	0.0538	30
26	16384,32	gzip	8	3	8000	0.0545	31
42	16384,32	lzf	NA	3	8000	0.0567	32
41	16384,32	lz4	1073741824	3	8000	0.0607	33
39	16384,32	lz4	1048576	3	8000	0.0609	34
30	16384,32	blosc-lz4	2	3	8000	0.0625	35
40	16384,32	lz4	33554432	3	8000	0.0648	36
32	16384,32	blosc-lz4	8	3	8000	0.0681	37
94	16384,32	uncompressed	NA	3	8000	0.0682	38
31	16384,32	blosc-lz4	5	3	8000	0.0734	39
21	4096,48	zstd	12	3	8000	0.0772	40
1	4096,48	gzip	4	3	8000	0.0832	41
20	4096,48	zstd	3	3	8000	0.0836	42
15	4096,48	blosc-zstd	8	3	8000	0.0842	43
14	4096,48	blosc-zstd	5	3	8000	0.0844	44
3	4096,48	gzip	8	3	8000	0.0847	45
2	4096,48	gzip	6	3	8000	0.0863	46
13	4096,48	blosc-zstd	2	3	8000	0.0869	47
96	341774, 384	uncompressed	NA	3	8000	0.088	48
93	4096,48	uncompressed	NA	3	8000	0.0904	49
28	16384,32	blosc-blosclz	5	3	8000	0.0919	50
11	4096,48	blosc-lz4hc	5	3	8000	0.0923	51
27	16384,32	blosc-blosclz	2	3	8000	0.0964	52
29	16384,32	blosc-blosclz	8	3	8000	0.0975	53
10	4096,48	blosc-lz4hc	2	3	8000	0.1046	54
17	4096,48	lz4	33554432	3	8000	0.1051	55
19	4096,48	lzf	NA	3	8000	0.1059	56
7	4096,48	blosc-lz4	2	3	8000	0.1084	57
6	4096,48	blosc-blosclz	8	3	8000	0.1144	58
8	4096,48	blosc-lz4	5	3	8000	0.1192	59
5	4096,48	blosc-blosclz	5	3	8000	0.1211	60
12	4096,48	blosc-lz4hc	8	3	8000	0.1215	61
9	4096,48	blosc-lz4	8	3	8000	0.1216	62
18	4096,48	lz4	1073741824	3	8000	0.1227	63
4	4096,48	blosc-blosclz	2	3	8000	0.1231	64
16	4096,48	lz4	1048576	3	8000	0.1494	65
84	341,774,384	blosc-zstd	8	3	8000	1.8953	66
90	341,774,384	zstd	12	3	8000	2.1406	67
89	341,774,384	zstd	3	3	8000	2.1658	68
71	341,774,384	gzip	6	3	8000	2.4674	69
79	341,774,384	blosc-lz4hc	2	3	8000	2.5673	70
72	341,774,384	gzip	8	3	8000	2.6706	71
85	341,774,384	lz4	1048576	3	8000	2.7816	72
88	341,774,384	lzf	NA	3	8000	2.9065	73
74	341,774,384	blosc-blosclz	5	3	8000	3.09	74
76	341,774,384	blosc-lz4	2	3	8000	3.5022	75
73	341,774,384	blosc-blosclz	2	3	8000	3.5594	76
83	341,774,384	blosc-zstd	5	3	8000	3.6584	77
75	341,774,384	blosc-blosclz	8	3	8000	3.733	78
78	341,774,384	blosc-lz4	8	3	8000	3.7343	79
77	341,774,384	blosc-lz4	5	3	8000	3.7557	80
82	341,774,384	blosc-zstd	2	3	8000	3.7761	81
70	341,774,384	gzip	4	3	8000	4.0827	82
81	341,774,384	blosc-lz4hc	8	3	8000	4.7399	83
80	341,774,384	blosc-lz4hc	5	3	8000	4.7489	84
